# cWD−WD gap (δ) along R's 156-move geodesic — examples/cwd_gap.rs path mode
# generated 2026-07-09
=== δ along R's 156-move solution (depth = moves from R) ===
depth   WD  cWD   δ   demand(row/col nonzero)
   0   140  144    4   [4, 4]
   4   136  140    4   [4, 3]
   8   132  136    4   [3, 3]
  12   128  132    4   [3, 2]
  16   124  128    4   [2, 2]
  20   120  126    6   [2, 2]
  24   116  124    8   [2, 2]
  28   112  120    8   [2, 2]
  32   112  116    4   [1, 1]
  36   110  114    4   [1, 1]
  40   108  112    4   [1, 1]
  44   104  108    4   [1, 1]
  48   100  104    4   [1, 1]
  52    96  100    4   [1, 1]
  56    94   98    4   [1, 1]
  60    90   94    4   [1, 1]
  64    88   92    4   [1, 1]
  68    88   88    0   []
  72    84   84    0   []
  76    80   80    0   []
  80    76   76    0   []
  84    72   72    0   []
  88    68   68    0   []
  92    64   64    0   []
  96    60   60    0   []
 100    56   56    0   []
 104    52   52    0   []
 108    48   48    0   []
 112    44   44    0   []
 116    40   40    0   []
 120    36   36    0   []
 124    32   32    0   []
 128    28   28    0   []
 132    24   24    0   []
 136    20   20    0   []
 140    16   16    0   []
 144    12   12    0   []
 148     8    8    0   []
 152     4    4    0   []
 156     0    0    0   []

=== δ̄ by WD band along the path (deep = low WD) ===
WD   0-20 : n=21  δ̄=0.00
WD  21-40 : n=20  δ̄=0.00
WD  41-60 : n=20  δ̄=0.00
WD  61-80 : n=20  δ̄=0.00
WD  81-100: n=28  δ̄=2.57
WD 101-120: n=28  δ̄=5.14
WD 121-140: n=20  δ̄=4.00
