# frame-conformant Tier-2 boards (top-20 WD + 10 median)
# WD = 122
0 9 13 23 21 20 24 18 22 16 8 19 15 17 11 10 4 3 12 6 5 14 7 2 1
# WD = 122
0 24 23 22 21 20 14 8 16 18 19 13 12 17 11 15 10 9 2 7 5 4 3 6 1
# WD = 122
0 24 23 22 21 20 19 7 16 11 15 13 17 18 12 10 14 8 3 2 5 4 9 6 1
# WD = 120
0 11 13 23 21 20 24 18 16 22 15 14 12 17 19 9 10 8 2 7 5 4 3 6 1
# WD = 120
0 13 19 16 21 20 24 23 17 22 18 9 3 15 7 14 10 8 2 12 5 4 11 6 1
# WD = 120
0 14 13 19 21 20 24 18 22 16 15 9 3 23 17 8 4 7 12 6 5 10 11 2 1
# WD = 120
0 15 17 16 21 20 24 19 11 22 8 23 18 13 7 9 4 12 3 6 5 10 14 2 1
# WD = 120
0 18 3 22 21 20 24 23 11 16 19 8 15 12 17 13 4 14 2 6 5 10 9 7 1
# WD = 120
0 18 12 17 21 24 20 19 16 22 14 13 11 23 15 4 10 7 2 3 5 8 9 6 1
# WD = 120
0 18 19 11 21 24 20 12 16 22 15 23 13 17 8 4 9 3 2 6 5 10 14 7 1
# WD = 120
0 18 23 16 21 24 20 19 17 22 9 12 13 11 8 10 7 15 14 6 5 4 3 2 1
# WD = 120
0 19 11 23 21 24 20 15 22 16 3 9 18 13 17 8 4 7 12 2 5 10 14 6 1
# WD = 120
0 19 14 22 21 24 20 18 16 12 17 13 23 11 7 10 3 15 6 8 5 4 9 2 1
# WD = 120
0 19 15 22 21 24 20 13 18 16 9 3 23 7 17 10 4 11 6 12 5 14 8 2 1
# WD = 120
0 19 23 12 21 20 24 18 16 22 15 7 14 17 13 4 3 9 2 11 5 10 8 6 1
# WD = 120
0 20 12 16 21 17 24 18 23 22 14 19 13 15 11 4 10 7 2 8 5 3 9 6 1
# WD = 120
0 20 12 16 21 18 24 11 23 22 19 13 15 3 17 9 4 7 6 8 5 10 14 2 1
# WD = 120
0 20 12 16 21 24 13 19 22 18 3 15 14 17 11 23 10 8 7 2 5 4 9 6 1
# WD = 120
0 20 14 7 21 24 15 12 16 22 19 13 18 11 17 9 4 23 2 8 5 10 3 6 1
# WD = 120
0 20 14 16 21 24 15 18 22 17 19 12 23 3 7 13 4 8 11 6 5 10 9 2 1
# WD = 108
0 20 11 22 21 12 24 19 16 15 3 9 8 7 17 23 10 13 14 2 5 4 18 6 1
# WD = 108
0 20 11 22 21 13 24 9 16 18 17 19 14 3 15 4 12 8 23 6 5 10 7 2 1
# WD = 108
0 20 11 22 21 14 24 3 16 8 15 13 18 23 7 12 4 19 2 17 5 10 9 6 1
# WD = 108
0 20 11 22 21 18 24 17 16 15 8 23 7 14 19 12 10 3 6 2 5 4 13 9 1
# WD = 108
0 20 11 22 21 24 7 23 16 13 18 14 19 3 15 10 9 12 2 6 5 4 17 8 1
# WD = 108
0 20 11 22 21 24 12 23 19 16 7 3 13 17 8 10 9 18 2 15 5 4 14 6 1
# WD = 108
0 20 11 22 21 24 14 3 23 16 12 17 15 18 8 4 10 19 2 13 5 7 9 6 1
# WD = 108
0 20 11 22 21 24 18 19 16 7 14 23 13 15 9 4 3 12 6 8 5 10 17 2 1
# WD = 108
0 20 11 23 21 15 24 13 22 16 19 12 3 8 7 4 10 9 14 2 5 17 18 6 1
# WD = 108
0 20 12 3 21 24 15 8 22 16 23 13 19 18 7 17 4 11 2 6 5 10 9 14 1
