SURVIVOR bound=144 g=1 h=143 slack=0 board=[20, 24, 23, 22, 21, 0, 19, 18, 17, 16, 15, 14, 13, 12, 11, 10, 9, 8, 7, 6, 5, 4, 3, 2, 1]
SURVIVOR bound=144 g=34 h=110 slack=0 board=[20, 24, 23, 22, 21, 15, 4, 14, 0, 19, 10, 13, 7, 12, 18, 9, 3, 11, 16, 17, 5, 8, 2, 6, 1]
SURVIVOR bound=144 g=49 h=95 slack=0 board=[20, 24, 8, 23, 21, 10, 3, 0, 15, 16, 7, 4, 19, 22, 14, 9, 6, 11, 17, 13, 5, 2, 18, 12, 1]
SURVIVOR bound=144 g=42 h=102 slack=0 board=[20, 23, 12, 22, 21, 15, 0, 16, 11, 6, 17, 24, 8, 13, 1, 14, 10, 18, 3, 9, 5, 4, 7, 19, 2]
SURVIVOR bound=144 g=24 h=120 slack=0 board=[20, 24, 22, 18, 21, 14, 15, 19, 16, 11, 10, 9, 23, 13, 17, 8, 7, 12, 0, 6, 5, 4, 3, 2, 1]
SURVIVOR bound=144 g=36 h=108 slack=0 board=[20, 24, 23, 22, 21, 15, 10, 3, 19, 16, 8, 7, 0, 18, 11, 14, 6, 12, 17, 1, 5, 13, 9, 4, 2]
SURVIVOR bound=144 g=45 h=99 slack=0 board=[20, 24, 22, 7, 21, 15, 11, 0, 6, 16, 13, 18, 23, 2, 8, 14, 17, 12, 3, 9, 5, 19, 10, 4, 1]
SURVIVOR bound=144 g=42 h=102 slack=0 board=[20, 4, 24, 22, 21, 8, 3, 23, 9, 17, 19, 5, 11, 14, 16, 15, 0, 12, 7, 6, 10, 13, 18, 2, 1]
SURVIVOR bound=144 g=25 h=119 slack=0 board=[20, 23, 22, 17, 21, 19, 24, 8, 14, 12, 15, 0, 13, 6, 16, 10, 9, 7, 11, 18, 5, 4, 3, 2, 1]
SURVIVOR bound=144 g=30 h=114 slack=0 board=[20, 24, 22, 21, 0, 13, 12, 23, 14, 16, 19, 15, 9, 18, 7, 10, 8, 2, 17, 11, 5, 4, 3, 1, 6]
SURVIVOR bound=144 g=24 h=120 slack=0 board=[20, 24, 23, 22, 21, 19, 13, 17, 8, 16, 15, 18, 7, 11, 1, 10, 14, 3, 9, 12, 5, 4, 0, 6, 2]
SURVIVOR bound=144 g=36 h=108 slack=0 board=[20, 23, 13, 22, 21, 19, 24, 9, 16, 6, 15, 11, 3, 17, 7, 10, 18, 4, 14, 8, 5, 12, 2, 1, 0]
SURVIVOR bound=144 g=27 h=117 slack=0 board=[20, 23, 17, 22, 21, 19, 24, 16, 12, 11, 14, 13, 7, 0, 6, 15, 18, 10, 9, 1, 5, 4, 8, 3, 2]
SURVIVOR bound=146 g=43 h=103 slack=0 board=[20, 23, 22, 12, 21, 15, 17, 16, 6, 7, 10, 0, 8, 3, 13, 5, 24, 18, 2, 11, 4, 14, 19, 9, 1]
SURVIVOR bound=146 g=49 h=97 slack=0 board=[20, 3, 24, 22, 21, 15, 23, 8, 10, 19, 5, 11, 12, 0, 17, 13, 7, 6, 18, 16, 4, 14, 9, 2, 1]
SURVIVOR bound=146 g=45 h=101 slack=0 board=[20, 24, 23, 22, 21, 15, 7, 0, 5, 18, 10, 19, 11, 13, 14, 4, 3, 2, 6, 16, 9, 8, 12, 17, 1]
SURVIVOR bound=146 g=25 h=119 slack=2 board=[15, 20, 23, 22, 21, 10, 24, 17, 12, 16, 19, 8, 14, 7, 11, 5, 18, 3, 13, 6, 4, 9, 2, 0, 1]
SURVIVOR bound=146 g=42 h=104 slack=0 board=[15, 20, 19, 23, 21, 10, 8, 14, 0, 16, 12, 17, 11, 24, 6, 5, 13, 22, 7, 1, 4, 9, 18, 3, 2]
SURVIVOR bound=146 g=43 h=103 slack=0 board=[20, 24, 3, 23, 21, 0, 15, 19, 22, 16, 5, 10, 8, 18, 14, 2, 6, 17, 11, 13, 4, 9, 7, 12, 1]
SURVIVOR bound=146 g=48 h=98 slack=0 board=[20, 10, 24, 22, 21, 5, 23, 3, 15, 19, 14, 7, 11, 13, 0, 8, 12, 18, 6, 16, 4, 9, 2, 17, 1]
SURVIVOR bound=146 g=40 h=106 slack=0 board=[20, 24, 23, 22, 21, 10, 5, 15, 18, 16, 7, 2, 0, 17, 11, 13, 14, 12, 3, 6, 4, 8, 19, 9, 1]
SURVIVOR bound=146 g=39 h=107 slack=0 board=[20, 24, 23, 22, 21, 5, 15, 17, 12, 16, 4, 0, 14, 10, 6, 3, 9, 7, 11, 19, 8, 13, 18, 2, 1]
SURVIVOR bound=146 g=34 h=112 slack=0 board=[20, 24, 9, 23, 22, 15, 18, 7, 17, 21, 10, 3, 0, 14, 16, 5, 12, 19, 6, 11, 4, 8, 13, 2, 1]
SURVIVOR bound=146 g=39 h=107 slack=0 board=[20, 0, 24, 22, 21, 15, 18, 23, 7, 17, 10, 19, 5, 9, 14, 4, 12, 6, 11, 16, 3, 8, 2, 13, 1]
SURVIVOR bound=146 g=35 h=111 slack=0 board=[15, 20, 19, 24, 21, 23, 11, 0, 7, 17, 10, 13, 22, 18, 16, 5, 14, 12, 9, 6, 4, 3, 8, 2, 1]
SURVIVOR bound=146 g=40 h=106 slack=0 board=[20, 24, 14, 21, 0, 15, 9, 13, 23, 19, 10, 7, 11, 22, 16, 4, 5, 12, 17, 6, 3, 8, 18, 2, 1]
SURVIVOR bound=146 g=65 h=81 slack=0 board=[20, 9, 14, 22, 21, 6, 5, 10, 15, 19, 11, 7, 13, 24, 17, 16, 3, 18, 23, 12, 4, 8, 2, 0, 1]
SURVIVOR bound=146 g=36 h=110 slack=0 board=[20, 24, 23, 21, 0, 10, 9, 15, 22, 18, 14, 3, 13, 19, 16, 5, 12, 8, 11, 6, 4, 2, 7, 17, 1]
SURVIVOR bound=146 g=55 h=91 slack=0 board=[20, 19, 24, 22, 21, 5, 15, 9, 14, 10, 11, 2, 8, 0, 17, 4, 12, 6, 23, 16, 3, 13, 18, 7, 1]
SURVIVOR bound=146 g=48 h=98 slack=0 board=[20, 23, 8, 22, 21, 5, 6, 15, 13, 16, 19, 3, 24, 10, 12, 9, 0, 17, 14, 11, 4, 2, 7, 18, 1]
SURVIVOR bound=146 g=26 h=120 slack=0 board=[20, 24, 23, 17, 22, 15, 14, 19, 18, 21, 10, 9, 0, 11, 16, 5, 2, 13, 12, 7, 4, 3, 1, 8, 6]
SURVIVOR bound=146 g=32 h=114 slack=0 board=[15, 20, 17, 18, 21, 10, 23, 13, 0, 11, 24, 16, 7, 22, 12, 9, 19, 14, 8, 6, 5, 4, 3, 2, 1]
SURVIVOR bound=146 g=42 h=104 slack=0 board=[20, 24, 23, 21, 16, 10, 15, 3, 22, 11, 9, 13, 7, 18, 1, 14, 12, 6, 0, 2, 5, 19, 8, 17, 4]
SURVIVOR bound=146 g=45 h=101 slack=0 board=[20, 13, 8, 22, 21, 10, 15, 12, 3, 17, 9, 23, 11, 7, 16, 5, 24, 19, 2, 6, 18, 0, 14, 4, 1]
SURVIVOR bound=146 g=32 h=114 slack=0 board=[20, 23, 13, 17, 22, 10, 15, 12, 0, 21, 9, 18, 11, 24, 16, 14, 4, 19, 7, 6, 5, 3, 8, 2, 1]
SURVIVOR bound=146 g=42 h=104 slack=0 board=[20, 24, 23, 22, 21, 15, 0, 18, 13, 1, 10, 11, 6, 16, 2, 9, 12, 4, 17, 14, 5, 3, 19, 8, 7]
SURVIVOR bound=146 g=35 h=111 slack=0 board=[20, 24, 23, 22, 21, 15, 17, 7, 16, 0, 10, 11, 12, 13, 1, 9, 18, 14, 19, 8, 5, 4, 3, 6, 2]
SURVIVOR bound=146 g=31 h=115 slack=0 board=[20, 24, 17, 23, 21, 15, 18, 13, 22, 11, 10, 16, 7, 8, 12, 14, 19, 4, 3, 6, 9, 5, 2, 0, 1]
SURVIVOR bound=146 g=54 h=92 slack=0 board=[20, 8, 24, 21, 0, 15, 17, 3, 23, 10, 9, 7, 11, 22, 16, 13, 12, 2, 19, 6, 14, 18, 5, 4, 1]
SURVIVOR bound=146 g=36 h=110 slack=0 board=[20, 24, 22, 17, 21, 10, 15, 19, 12, 16, 11, 23, 6, 8, 1, 9, 13, 18, 0, 2, 5, 14, 4, 3, 7]
SURVIVOR bound=146 g=37 h=109 slack=0 board=[20, 13, 24, 23, 21, 9, 10, 15, 19, 16, 18, 0, 8, 22, 11, 12, 3, 7, 17, 6, 5, 14, 4, 2, 1]
SURVIVOR bound=146 g=48 h=98 slack=0 board=[20, 23, 3, 8, 19, 10, 0, 24, 17, 22, 13, 15, 7, 12, 21, 9, 6, 2, 11, 16, 5, 18, 14, 4, 1]
SURVIVOR bound=146 g=39 h=107 slack=0 board=[15, 20, 23, 22, 21, 10, 17, 12, 7, 16, 19, 13, 3, 8, 11, 9, 24, 6, 4, 1, 5, 14, 18, 0, 2]
SURVIVOR bound=146 g=33 h=113 slack=0 board=[20, 24, 23, 22, 21, 19, 16, 7, 8, 11, 15, 10, 17, 0, 12, 9, 13, 2, 3, 6, 5, 14, 4, 18, 1]
SURVIVOR bound=146 g=41 h=105 slack=0 board=[20, 23, 3, 22, 21, 15, 24, 13, 11, 8, 10, 4, 19, 14, 16, 9, 17, 0, 18, 6, 5, 2, 7, 12, 1]
SURVIVOR bound=146 g=39 h=107 slack=0 board=[20, 19, 24, 23, 21, 10, 15, 8, 22, 16, 9, 12, 18, 11, 1, 13, 4, 6, 17, 2, 5, 3, 7, 0, 14]
SURVIVOR bound=146 g=36 h=110 slack=0 board=[20, 24, 22, 21, 0, 15, 19, 23, 11, 8, 10, 13, 16, 12, 6, 9, 7, 17, 3, 2, 5, 14, 18, 4, 1]
SURVIVOR bound=146 g=44 h=102 slack=0 board=[15, 19, 20, 23, 0, 10, 12, 3, 24, 21, 9, 8, 11, 16, 18, 14, 13, 2, 22, 6, 5, 4, 7, 17, 1]
SURVIVOR bound=146 g=40 h=106 slack=0 board=[24, 13, 15, 22, 21, 12, 10, 23, 19, 16, 20, 8, 7, 11, 0, 9, 3, 4, 18, 6, 5, 14, 2, 17, 1]
SURVIVOR bound=146 g=47 h=99 slack=0 board=[20, 24, 23, 22, 21, 12, 7, 0, 10, 15, 18, 17, 2, 6, 19, 9, 13, 8, 3, 16, 5, 14, 4, 1, 11]
SURVIVOR bound=146 g=38 h=108 slack=0 board=[20, 24, 0, 23, 21, 15, 13, 19, 22, 6, 10, 4, 11, 16, 1, 9, 12, 7, 17, 8, 5, 3, 18, 14, 2]
SURVIVOR bound=146 g=47 h=99 slack=0 board=[10, 20, 18, 23, 21, 12, 24, 2, 15, 19, 11, 17, 6, 0, 16, 9, 13, 22, 8, 7, 5, 14, 4, 3, 1]
SURVIVOR bound=146 g=46 h=100 slack=0 board=[15, 4, 20, 24, 21, 14, 10, 19, 0, 16, 12, 9, 13, 22, 11, 5, 17, 7, 23, 6, 3, 8, 18, 2, 1]
SURVIVOR bound=146 g=35 h=111 slack=0 board=[20, 23, 15, 22, 21, 10, 24, 0, 14, 11, 9, 4, 18, 19, 17, 13, 7, 12, 16, 6, 5, 3, 8, 2, 1]
SURVIVOR bound=146 g=18 h=128 slack=0 board=[20, 23, 22, 17, 21, 15, 19, 24, 18, 16, 0, 10, 14, 12, 11, 9, 4, 13, 7, 6, 5, 3, 8, 2, 1]
SURVIVOR bound=146 g=51 h=95 slack=0 board=[20, 4, 15, 23, 21, 9, 10, 0, 24, 19, 12, 3, 14, 11, 16, 13, 17, 7, 22, 6, 5, 8, 18, 2, 1]
SURVIVOR bound=146 g=36 h=110 slack=0 board=[20, 24, 23, 22, 21, 9, 15, 19, 12, 16, 4, 10, 0, 7, 11, 5, 13, 17, 18, 1, 3, 8, 2, 6, 14]
SURVIVOR bound=146 g=54 h=92 slack=0 board=[20, 23, 4, 22, 21, 9, 15, 10, 14, 19, 7, 3, 24, 11, 16, 12, 6, 17, 0, 1, 5, 13, 18, 8, 2]
SURVIVOR bound=146 g=34 h=112 slack=0 board=[15, 20, 24, 18, 22, 10, 23, 4, 0, 21, 13, 14, 17, 11, 16, 9, 7, 19, 12, 6, 5, 3, 8, 2, 1]
SURVIVOR bound=146 g=44 h=102 slack=0 board=[20, 4, 24, 22, 21, 10, 15, 23, 0, 16, 9, 7, 19, 13, 14, 12, 3, 6, 11, 18, 5, 8, 17, 2, 1]
SURVIVOR bound=146 g=32 h=114 slack=0 board=[15, 20, 24, 23, 21, 10, 14, 19, 22, 11, 9, 13, 16, 18, 17, 5, 7, 12, 0, 6, 3, 4, 8, 2, 1]
SURVIVOR bound=146 g=50 h=96 slack=0 board=[15, 3, 4, 22, 21, 10, 0, 20, 24, 18, 9, 11, 23, 19, 16, 7, 12, 14, 17, 6, 5, 8, 2, 13, 1]
SURVIVOR bound=146 g=40 h=106 slack=0 board=[15, 20, 24, 22, 21, 10, 13, 23, 0, 18, 11, 4, 14, 19, 17, 9, 2, 12, 16, 6, 5, 3, 7, 8, 1]
SURVIVOR bound=146 g=52 h=94 slack=0 board=[20, 4, 14, 24, 21, 9, 15, 17, 22, 16, 7, 3, 0, 10, 13, 6, 11, 23, 19, 12, 5, 8, 18, 2, 1]
SURVIVOR bound=146 g=42 h=104 slack=0 board=[15, 20, 23, 22, 21, 10, 0, 24, 13, 19, 9, 4, 14, 6, 16, 5, 8, 11, 18, 1, 3, 2, 7, 17, 12]
SURVIVOR bound=146 g=47 h=99 slack=0 board=[20, 14, 24, 22, 21, 10, 3, 15, 4, 16, 9, 0, 23, 19, 13, 5, 8, 6, 18, 11, 2, 7, 12, 17, 1]
SURVIVOR bound=146 g=42 h=104 slack=0 board=[20, 4, 24, 22, 21, 10, 15, 23, 17, 16, 8, 2, 19, 11, 12, 9, 18, 7, 0, 14, 5, 3, 1, 13, 6]
SURVIVOR bound=146 g=42 h=104 slack=0 board=[20, 24, 0, 23, 21, 15, 4, 14, 22, 19, 9, 10, 12, 11, 6, 5, 13, 8, 16, 1, 3, 2, 18, 17, 7]
SURVIVOR bound=146 g=44 h=102 slack=0 board=[20, 24, 18, 23, 21, 15, 6, 4, 13, 17, 9, 10, 19, 14, 8, 5, 3, 11, 22, 16, 0, 2, 12, 7, 1]
SURVIVOR bound=146 g=50 h=96 slack=0 board=[15, 4, 20, 23, 21, 10, 0, 24, 14, 12, 9, 8, 16, 22, 19, 6, 3, 17, 13, 11, 5, 2, 18, 7, 1]
SURVIVOR bound=146 g=47 h=99 slack=0 board=[20, 4, 14, 23, 21, 0, 15, 8, 24, 16, 10, 7, 22, 19, 13, 9, 3, 17, 11, 12, 5, 2, 18, 1, 6]
SURVIVOR bound=146 g=42 h=104 slack=0 board=[20, 19, 24, 22, 21, 15, 7, 8, 0, 14, 9, 10, 17, 11, 16, 18, 6, 23, 12, 1, 5, 13, 4, 3, 2]
SURVIVOR bound=146 g=48 h=98 slack=0 board=[15, 20, 22, 4, 21, 10, 3, 24, 23, 19, 9, 17, 11, 16, 0, 8, 7, 12, 14, 6, 5, 13, 18, 2, 1]
SURVIVOR bound=146 g=27 h=119 slack=0 board=[24, 0, 23, 22, 21, 20, 15, 14, 19, 17, 10, 8, 18, 12, 16, 9, 4, 2, 13, 11, 5, 3, 7, 1, 6]
SURVIVOR bound=146 g=37 h=109 slack=0 board=[20, 23, 14, 22, 21, 15, 7, 10, 19, 16, 9, 24, 12, 17, 11, 8, 4, 0, 6, 1, 5, 3, 18, 13, 2]
SURVIVOR bound=146 g=45 h=101 slack=0 board=[10, 20, 24, 22, 21, 9, 15, 23, 16, 19, 11, 12, 7, 3, 17, 8, 18, 0, 14, 6, 5, 4, 2, 13, 1]
SURVIVOR bound=146 g=39 h=107 slack=0 board=[10, 20, 24, 22, 21, 9, 14, 23, 19, 16, 12, 15, 17, 3, 11, 8, 13, 2, 6, 0, 5, 4, 7, 18, 1]
SURVIVOR bound=146 g=41 h=105 slack=0 board=[20, 23, 22, 12, 21, 0, 15, 7, 2, 16, 10, 24, 19, 11, 6, 9, 17, 14, 3, 13, 5, 18, 8, 4, 1]
SURVIVOR bound=146 g=45 h=101 slack=0 board=[20, 24, 22, 0, 19, 10, 15, 14, 16, 21, 11, 6, 12, 23, 7, 9, 17, 8, 2, 13, 5, 4, 18, 3, 1]
SURVIVOR bound=146 g=46 h=100 slack=0 board=[20, 23, 22, 21, 0, 9, 24, 10, 2, 16, 12, 7, 17, 15, 11, 8, 18, 13, 3, 6, 5, 14, 19, 4, 1]
SURVIVOR bound=146 g=32 h=114 slack=0 board=[20, 23, 22, 12, 21, 15, 24, 17, 16, 11, 9, 10, 19, 14, 6, 18, 4, 8, 7, 1, 0, 5, 13, 3, 2]
SURVIVOR bound=146 g=48 h=98 slack=0 board=[20, 19, 8, 24, 21, 15, 7, 4, 22, 14, 0, 10, 12, 23, 18, 9, 6, 11, 16, 17, 5, 3, 13, 2, 1]
SURVIVOR bound=146 g=42 h=104 slack=0 board=[10, 15, 20, 24, 21, 8, 19, 22, 23, 11, 9, 13, 18, 16, 14, 5, 4, 7, 17, 6, 3, 2, 0, 12, 1]
SURVIVOR bound=146 g=53 h=93 slack=0 board=[20, 0, 4, 22, 21, 15, 3, 24, 19, 10, 9, 12, 23, 14, 18, 8, 6, 11, 17, 16, 5, 13, 2, 7, 1]
SURVIVOR bound=146 g=32 h=114 slack=0 board=[20, 24, 23, 22, 21, 15, 10, 19, 18, 17, 9, 7, 12, 11, 14, 8, 13, 2, 0, 16, 5, 4, 3, 1, 6]
SURVIVOR bound=146 g=49 h=97 slack=0 board=[20, 24, 23, 22, 21, 9, 15, 7, 10, 16, 8, 12, 4, 18, 14, 6, 3, 19, 2, 17, 5, 13, 1, 0, 11]
SURVIVOR bound=146 g=41 h=105 slack=0 board=[20, 0, 14, 22, 21, 10, 7, 24, 19, 18, 12, 8, 15, 11, 16, 5, 9, 23, 13, 6, 4, 3, 17, 2, 1]
SURVIVOR bound=146 g=44 h=102 slack=0 board=[20, 7, 24, 23, 21, 15, 0, 10, 14, 18, 9, 2, 11, 22, 16, 8, 12, 17, 19, 6, 5, 4, 13, 3, 1]
SURVIVOR bound=146 g=37 h=109 slack=0 board=[20, 12, 19, 23, 21, 15, 24, 7, 22, 17, 9, 10, 8, 14, 16, 5, 4, 6, 18, 11, 3, 0, 13, 2, 1]
SURVIVOR bound=146 g=45 h=101 slack=0 board=[10, 20, 24, 23, 21, 0, 8, 15, 22, 14, 9, 11, 17, 6, 16, 5, 18, 19, 2, 7, 4, 12, 13, 3, 1]
SURVIVOR bound=146 g=29 h=117 slack=0 board=[20, 24, 23, 22, 21, 15, 19, 3, 16, 11, 9, 10, 13, 18, 6, 0, 14, 17, 4, 12, 5, 8, 2, 7, 1]
SURVIVOR bound=146 g=41 h=105 slack=0 board=[10, 20, 23, 22, 21, 9, 24, 15, 19, 16, 5, 3, 7, 18, 14, 0, 12, 6, 17, 11, 8, 13, 4, 2, 1]
SURVIVOR bound=146 g=47 h=99 slack=0 board=[20, 3, 24, 23, 22, 15, 7, 17, 16, 21, 9, 10, 19, 12, 14, 0, 6, 18, 2, 13, 5, 8, 11, 4, 1]
SURVIVOR bound=146 g=39 h=107 slack=0 board=[20, 0, 19, 24, 21, 15, 3, 14, 23, 16, 10, 7, 13, 18, 17, 8, 6, 11, 22, 12, 9, 5, 4, 2, 1]
SURVIVOR bound=146 g=31 h=115 slack=0 board=[20, 24, 23, 22, 21, 10, 15, 13, 19, 18, 9, 3, 14, 11, 16, 8, 4, 0, 17, 6, 5, 7, 2, 12, 1]
SURVIVOR bound=146 g=47 h=99 slack=0 board=[20, 23, 8, 3, 21, 10, 15, 0, 22, 16, 19, 6, 24, 18, 14, 9, 12, 2, 11, 13, 5, 4, 7, 17, 1]
SURVIVOR bound=146 g=44 h=102 slack=0 board=[20, 24, 23, 21, 6, 15, 16, 11, 22, 3, 10, 18, 0, 13, 14, 9, 2, 17, 8, 12, 5, 19, 4, 7, 1]
SURVIVOR bound=146 g=31 h=115 slack=0 board=[15, 20, 24, 22, 21, 10, 14, 23, 17, 16, 9, 18, 19, 3, 12, 8, 2, 0, 13, 11, 5, 4, 7, 6, 1]
SURVIVOR bound=146 g=40 h=106 slack=0 board=[20, 24, 23, 22, 21, 15, 13, 3, 14, 18, 10, 2, 8, 11, 16, 9, 0, 17, 19, 7, 5, 1, 4, 12, 6]
SURVIVOR bound=146 g=47 h=99 slack=0 board=[15, 20, 23, 10, 21, 9, 14, 0, 24, 19, 8, 4, 22, 11, 16, 7, 12, 18, 13, 6, 5, 3, 2, 17, 1]
SURVIVOR bound=146 g=41 h=105 slack=0 board=[20, 8, 24, 23, 21, 0, 15, 19, 22, 18, 10, 7, 3, 13, 14, 9, 6, 11, 17, 16, 5, 4, 2, 12, 1]
SURVIVOR bound=146 g=48 h=98 slack=0 board=[15, 8, 20, 22, 21, 7, 10, 24, 14, 11, 13, 4, 23, 16, 19, 9, 0, 3, 18, 6, 5, 2, 12, 17, 1]
SURVIVOR bound=146 g=32 h=114 slack=0 board=[20, 14, 24, 23, 22, 15, 13, 19, 16, 21, 9, 7, 10, 18, 11, 8, 17, 3, 12, 6, 5, 4, 2, 1, 0]
SURVIVOR bound=146 g=36 h=110 slack=0 board=[20, 24, 22, 11, 21, 15, 14, 23, 0, 6, 10, 8, 19, 18, 1, 9, 7, 3, 16, 13, 5, 4, 12, 17, 2]
SURVIVOR bound=146 g=39 h=107 slack=0 board=[20, 24, 23, 0, 21, 8, 10, 15, 22, 14, 9, 18, 17, 19, 16, 7, 12, 3, 6, 11, 5, 4, 2, 13, 1]
SURVIVOR bound=146 g=42 h=104 slack=0 board=[20, 15, 24, 22, 21, 10, 23, 17, 3, 16, 8, 7, 18, 11, 0, 14, 12, 6, 13, 1, 9, 19, 5, 4, 2]
SURVIVOR bound=146 g=49 h=97 slack=0 board=[20, 7, 24, 23, 21, 10, 4, 15, 22, 19, 8, 17, 11, 0, 13, 9, 12, 2, 6, 16, 5, 3, 18, 14, 1]
SURVIVOR bound=146 g=50 h=96 slack=0 board=[20, 24, 3, 23, 21, 9, 10, 15, 0, 19, 8, 4, 11, 22, 16, 7, 18, 17, 14, 6, 5, 2, 13, 12, 1]
SURVIVOR bound=146 g=45 h=101 slack=0 board=[20, 13, 14, 22, 21, 10, 15, 24, 23, 19, 11, 7, 3, 0, 18, 9, 8, 6, 12, 17, 5, 4, 2, 1, 16]
SURVIVOR bound=146 g=43 h=103 slack=0 board=[20, 24, 22, 0, 21, 15, 8, 23, 16, 2, 10, 4, 17, 12, 14, 9, 6, 19, 3, 11, 5, 7, 18, 13, 1]
SURVIVOR bound=146 g=48 h=98 slack=0 board=[20, 2, 14, 24, 21, 9, 15, 10, 22, 16, 7, 23, 17, 19, 13, 12, 0, 18, 6, 11, 5, 8, 4, 3, 1]
SURVIVOR bound=146 g=37 h=109 slack=0 board=[15, 20, 24, 23, 21, 10, 14, 13, 19, 17, 9, 7, 12, 18, 16, 8, 6, 0, 3, 11, 5, 4, 2, 22, 1]
SURVIVOR bound=146 g=34 h=112 slack=0 board=[20, 19, 0, 18, 21, 15, 10, 22, 14, 16, 9, 7, 23, 24, 12, 8, 13, 6, 17, 11, 5, 4, 3, 2, 1]
SURVIVOR bound=146 g=40 h=106 slack=0 board=[20, 24, 23, 22, 0, 15, 8, 14, 17, 21, 10, 3, 19, 12, 16, 7, 6, 11, 13, 1, 9, 18, 5, 4, 2]
SURVIVOR bound=146 g=52 h=94 slack=0 board=[20, 8, 24, 23, 0, 15, 16, 11, 1, 21, 9, 10, 22, 19, 14, 6, 4, 18, 13, 12, 5, 7, 17, 3, 2]
SURVIVOR bound=146 g=30 h=116 slack=0 board=[15, 20, 23, 22, 21, 14, 9, 24, 16, 11, 19, 8, 0, 13, 17, 7, 3, 18, 12, 6, 10, 5, 4, 2, 1]
SURVIVOR bound=146 g=27 h=119 slack=0 board=[20, 23, 18, 22, 21, 15, 24, 8, 13, 11, 14, 19, 3, 16, 7, 10, 4, 9, 17, 12, 5, 0, 2, 1, 6]
SURVIVOR bound=146 g=36 h=110 slack=0 board=[20, 23, 18, 17, 22, 14, 15, 9, 13, 21, 10, 4, 0, 11, 16, 8, 3, 24, 12, 6, 5, 2, 19, 7, 1]
SURVIVOR bound=146 g=44 h=102 slack=0 board=[0, 23, 18, 21, 16, 20, 15, 24, 2, 6, 14, 11, 22, 13, 7, 10, 12, 17, 3, 8, 5, 19, 9, 4, 1]
SURVIVOR bound=146 g=44 h=102 slack=0 board=[15, 18, 8, 22, 21, 12, 20, 3, 13, 16, 23, 17, 7, 11, 6, 14, 10, 24, 9, 1, 5, 19, 4, 2, 0]
SURVIVOR bound=146 g=37 h=109 slack=0 board=[15, 20, 22, 13, 21, 23, 16, 18, 7, 11, 14, 17, 9, 19, 12, 10, 3, 0, 8, 6, 5, 24, 4, 2, 1]
SURVIVOR bound=146 g=35 h=111 slack=0 board=[20, 22, 8, 17, 21, 15, 23, 7, 13, 18, 14, 24, 11, 6, 12, 10, 19, 0, 2, 16, 5, 4, 9, 3, 1]
SURVIVOR bound=146 g=41 h=105 slack=0 board=[20, 23, 17, 21, 11, 15, 22, 16, 12, 0, 13, 18, 3, 7, 6, 14, 10, 4, 9, 8, 5, 24, 19, 2, 1]
SURVIVOR bound=146 g=27 h=119 slack=0 board=[20, 15, 22, 12, 21, 14, 23, 24, 18, 16, 10, 13, 7, 0, 11, 9, 19, 17, 8, 6, 5, 4, 3, 2, 1]
SURVIVOR bound=146 g=46 h=100 slack=0 board=[20, 24, 3, 23, 21, 14, 0, 15, 22, 16, 10, 7, 11, 18, 6, 8, 13, 17, 1, 2, 9, 5, 12, 19, 4]
SURVIVOR bound=146 g=29 h=117 slack=0 board=[14, 20, 24, 23, 21, 13, 9, 15, 22, 16, 19, 12, 17, 0, 11, 5, 8, 18, 7, 6, 4, 10, 3, 2, 1]
SURVIVOR bound=146 g=28 h=118 slack=0 board=[20, 18, 24, 22, 21, 15, 23, 13, 11, 17, 14, 19, 8, 16, 6, 10, 7, 2, 0, 1, 5, 9, 4, 12, 3]
SURVIVOR bound=146 g=46 h=100 slack=0 board=[15, 20, 7, 24, 21, 17, 13, 6, 9, 12, 18, 14, 3, 22, 16, 10, 0, 23, 8, 11, 5, 19, 4, 2, 1]
SURVIVOR bound=146 g=44 h=102 slack=0 board=[20, 24, 22, 17, 0, 15, 12, 2, 6, 21, 14, 18, 16, 23, 7, 10, 11, 13, 3, 9, 5, 4, 19, 8, 1]
SURVIVOR bound=146 g=35 h=111 slack=0 board=[20, 24, 21, 12, 16, 14, 15, 7, 8, 17, 18, 9, 22, 0, 11, 10, 23, 19, 2, 6, 5, 4, 13, 3, 1]
SURVIVOR bound=146 g=36 h=110 slack=0 board=[20, 23, 13, 22, 21, 15, 0, 8, 17, 16, 14, 24, 7, 11, 6, 3, 18, 12, 4, 1, 10, 19, 5, 9, 2]
SURVIVOR bound=146 g=37 h=109 slack=0 board=[20, 13, 8, 22, 21, 15, 23, 12, 7, 16, 14, 18, 17, 9, 11, 0, 10, 24, 6, 1, 5, 4, 19, 3, 2]
SURVIVOR bound=146 g=37 h=109 slack=0 board=[15, 20, 24, 22, 21, 14, 23, 0, 8, 16, 12, 13, 3, 9, 11, 18, 4, 19, 17, 6, 10, 5, 2, 7, 1]
SURVIVOR bound=146 g=34 h=112 slack=0 board=[20, 24, 13, 23, 21, 15, 18, 12, 22, 16, 8, 17, 3, 7, 11, 14, 10, 4, 1, 9, 5, 19, 2, 6, 0]
SURVIVOR bound=146 g=36 h=110 slack=0 board=[20, 24, 8, 23, 22, 15, 13, 7, 16, 21, 19, 10, 3, 17, 11, 14, 12, 4, 9, 6, 5, 18, 0, 2, 1]
SURVIVOR bound=146 g=44 h=102 slack=0 board=[20, 24, 8, 13, 23, 15, 18, 7, 0, 21, 14, 6, 2, 22, 16, 10, 11, 19, 9, 12, 5, 4, 17, 3, 1]
SURVIVOR bound=146 g=34 h=112 slack=0 board=[20, 23, 13, 22, 21, 14, 0, 15, 24, 16, 10, 8, 7, 17, 11, 9, 12, 18, 6, 1, 5, 4, 19, 3, 2]
SURVIVOR bound=146 g=42 h=104 slack=0 board=[20, 24, 13, 23, 21, 15, 0, 4, 12, 9, 14, 7, 18, 22, 17, 10, 3, 6, 11, 16, 5, 8, 19, 2, 1]
SURVIVOR bound=146 g=37 h=109 slack=0 board=[20, 24, 13, 23, 21, 15, 8, 9, 18, 17, 14, 11, 22, 3, 16, 10, 4, 12, 6, 0, 5, 2, 19, 7, 1]
SURVIVOR bound=146 g=36 h=110 slack=0 board=[20, 24, 23, 13, 22, 15, 12, 17, 8, 21, 14, 18, 7, 2, 16, 10, 4, 19, 9, 11, 5, 3, 1, 6, 0]
SURVIVOR bound=146 g=50 h=96 slack=0 board=[20, 13, 22, 2, 21, 14, 7, 15, 24, 16, 18, 17, 11, 8, 6, 10, 12, 23, 4, 3, 5, 19, 9, 1, 0]
SURVIVOR bound=146 g=50 h=96 slack=0 board=[20, 13, 3, 22, 21, 15, 23, 10, 16, 11, 12, 17, 7, 2, 8, 14, 24, 18, 4, 6, 5, 19, 9, 1, 0]
SURVIVOR bound=146 g=27 h=117 slack=2 board=[20, 24, 23, 21, 16, 15, 18, 7, 13, 22, 14, 12, 17, 8, 11, 10, 4, 19, 2, 6, 5, 0, 9, 3, 1]
SURVIVOR bound=146 g=36 h=108 slack=2 board=[20, 24, 12, 13, 23, 15, 18, 8, 17, 22, 14, 7, 11, 6, 21, 10, 0, 4, 9, 16, 5, 3, 19, 2, 1]
SURVIVOR bound=146 g=41 h=105 slack=0 board=[15, 20, 24, 22, 21, 14, 23, 17, 16, 6, 11, 18, 2, 0, 7, 10, 12, 13, 3, 9, 5, 4, 19, 8, 1]
SURVIVOR bound=146 g=32 h=114 slack=0 board=[20, 17, 13, 23, 21, 15, 0, 24, 11, 6, 14, 18, 16, 8, 12, 10, 9, 22, 19, 7, 5, 4, 3, 2, 1]
SURVIVOR bound=146 g=43 h=103 slack=0 board=[15, 20, 23, 22, 21, 24, 12, 7, 2, 16, 14, 17, 6, 0, 9, 10, 18, 11, 13, 3, 5, 4, 19, 8, 1]
SURVIVOR bound=146 g=36 h=110 slack=0 board=[15, 20, 24, 22, 21, 14, 12, 7, 8, 16, 18, 17, 23, 3, 11, 10, 0, 19, 9, 6, 5, 4, 2, 13, 1]
SURVIVOR bound=146 g=46 h=100 slack=0 board=[20, 22, 17, 12, 21, 15, 7, 16, 8, 11, 14, 23, 13, 2, 6, 10, 24, 19, 1, 3, 5, 18, 0, 4, 9]
SURVIVOR bound=146 g=45 h=101 slack=0 board=[20, 0, 12, 23, 21, 15, 24, 3, 11, 9, 13, 17, 22, 7, 16, 14, 18, 8, 2, 6, 10, 19, 5, 4, 1]
SURVIVOR bound=146 g=48 h=98 slack=0 board=[20, 24, 22, 12, 21, 16, 0, 7, 8, 11, 15, 3, 4, 9, 13, 14, 10, 18, 19, 6, 5, 17, 23, 2, 1]
SURVIVOR bound=146 g=43 h=103 slack=0 board=[20, 24, 12, 23, 22, 15, 8, 3, 16, 21, 17, 2, 4, 9, 11, 14, 18, 0, 13, 6, 10, 5, 19, 7, 1]
SURVIVOR bound=146 g=36 h=110 slack=0 board=[20, 9, 24, 22, 21, 15, 8, 12, 16, 11, 14, 4, 23, 13, 6, 10, 17, 18, 2, 7, 5, 3, 0, 19, 1]
SURVIVOR bound=146 g=47 h=99 slack=0 board=[20, 22, 2, 12, 21, 15, 24, 6, 8, 16, 14, 18, 23, 0, 7, 10, 11, 17, 3, 13, 5, 19, 9, 4, 1]
SURVIVOR bound=146 g=53 h=93 slack=0 board=[20, 24, 22, 8, 12, 14, 15, 6, 2, 21, 10, 13, 18, 16, 7, 11, 17, 23, 3, 1, 5, 19, 4, 0, 9]
SURVIVOR bound=146 g=41 h=105 slack=0 board=[20, 17, 24, 23, 21, 15, 16, 12, 11, 6, 18, 13, 22, 2, 7, 14, 4, 10, 19, 9, 5, 0, 8, 3, 1]
SURVIVOR bound=146 g=50 h=96 slack=0 board=[20, 22, 7, 2, 21, 14, 23, 16, 3, 11, 10, 15, 13, 8, 0, 17, 24, 18, 6, 12, 5, 19, 9, 4, 1]
SURVIVOR bound=146 g=41 h=105 slack=0 board=[20, 24, 23, 11, 22, 15, 16, 8, 13, 21, 14, 17, 7, 0, 1, 10, 18, 3, 12, 9, 5, 4, 6, 19, 2]
SURVIVOR bound=146 g=33 h=113 slack=0 board=[20, 24, 18, 21, 16, 15, 13, 8, 19, 23, 9, 4, 22, 11, 6, 14, 7, 12, 17, 0, 10, 5, 3, 2, 1]
SURVIVOR bound=146 g=37 h=109 slack=0 board=[20, 23, 9, 22, 21, 0, 15, 10, 19, 16, 4, 7, 24, 17, 12, 14, 13, 6, 18, 11, 5, 3, 8, 2, 1]
SURVIVOR bound=146 g=32 h=114 slack=0 board=[20, 24, 22, 12, 21, 14, 4, 15, 23, 16, 19, 17, 0, 7, 11, 10, 3, 9, 13, 6, 5, 8, 18, 2, 1]
SURVIVOR bound=146 g=34 h=112 slack=0 board=[15, 20, 23, 22, 21, 14, 24, 17, 9, 16, 10, 18, 19, 4, 12, 13, 7, 6, 11, 1, 5, 3, 8, 2, 0]
SURVIVOR bound=146 g=49 h=97 slack=0 board=[20, 24, 22, 15, 21, 14, 4, 23, 6, 9, 10, 11, 17, 16, 1, 5, 12, 19, 7, 0, 3, 13, 18, 8, 2]
SURVIVOR bound=146 g=49 h=97 slack=0 board=[20, 4, 24, 23, 21, 15, 11, 7, 22, 9, 14, 13, 2, 0, 19, 10, 3, 6, 16, 18, 5, 8, 12, 17, 1]
SURVIVOR bound=146 g=49 h=97 slack=0 board=[20, 24, 9, 23, 21, 14, 3, 15, 4, 19, 7, 13, 6, 0, 16, 10, 12, 17, 22, 11, 5, 8, 18, 2, 1]
SURVIVOR bound=146 g=49 h=97 slack=0 board=[20, 4, 24, 23, 22, 15, 7, 9, 16, 0, 14, 3, 13, 6, 21, 10, 11, 2, 19, 17, 5, 8, 1, 18, 12]
SURVIVOR bound=146 g=40 h=106 slack=0 board=[20, 24, 4, 23, 21, 14, 15, 9, 22, 16, 0, 7, 6, 19, 12, 5, 10, 13, 17, 11, 3, 8, 18, 2, 1]
SURVIVOR bound=146 g=47 h=99 slack=0 board=[20, 4, 24, 22, 21, 14, 15, 23, 9, 19, 8, 3, 13, 0, 16, 10, 7, 2, 18, 11, 5, 1, 6, 17, 12]
SURVIVOR bound=146 g=48 h=98 slack=0 board=[20, 17, 4, 23, 21, 14, 15, 24, 9, 13, 0, 8, 11, 16, 19, 10, 3, 22, 12, 6, 5, 2, 18, 7, 1]
SURVIVOR bound=146 g=38 h=108 slack=0 board=[15, 20, 24, 23, 21, 14, 9, 4, 22, 16, 10, 11, 19, 17, 6, 13, 3, 18, 8, 12, 5, 2, 0, 7, 1]
SURVIVOR bound=146 g=47 h=99 slack=0 board=[20, 24, 22, 13, 21, 0, 15, 8, 23, 17, 6, 19, 10, 4, 9, 14, 12, 2, 11, 16, 5, 3, 7, 18, 1]
SURVIVOR bound=146 g=30 h=116 slack=0 board=[20, 18, 1, 23, 21, 15, 24, 22, 0, 16, 14, 19, 9, 17, 12, 10, 4, 13, 8, 11, 5, 3, 2, 6, 7]
SURVIVOR bound=146 g=49 h=97 slack=0 board=[20, 4, 24, 23, 21, 0, 15, 18, 8, 11, 14, 2, 19, 9, 7, 10, 3, 16, 22, 13, 5, 1, 17, 12, 6]
SURVIVOR bound=146 g=28 h=118 slack=0 board=[20, 19, 24, 17, 21, 15, 0, 22, 23, 16, 9, 13, 11, 12, 6, 14, 3, 18, 8, 7, 5, 10, 4, 2, 1]
SURVIVOR bound=146 g=43 h=103 slack=0 board=[20, 10, 24, 23, 21, 15, 13, 3, 22, 19, 9, 12, 2, 6, 16, 14, 8, 0, 18, 7, 5, 4, 11, 17, 1]
SURVIVOR bound=146 g=35 h=111 slack=0 board=[20, 9, 19, 24, 21, 15, 8, 0, 22, 16, 14, 7, 23, 11, 6, 10, 18, 17, 3, 12, 5, 13, 4, 2, 1]
SURVIVOR bound=146 g=59 h=87 slack=0 board=[20, 4, 24, 0, 21, 8, 15, 5, 23, 9, 7, 11, 3, 19, 16, 14, 17, 12, 22, 6, 10, 13, 18, 2, 1]
SURVIVOR bound=146 g=47 h=99 slack=0 board=[14, 20, 23, 22, 21, 10, 24, 8, 15, 9, 11, 0, 17, 6, 16, 4, 3, 19, 13, 12, 5, 2, 18, 7, 1]
SURVIVOR bound=146 g=38 h=108 slack=0 board=[20, 11, 22, 9, 21, 15, 0, 24, 23, 17, 14, 8, 19, 16, 6, 10, 13, 12, 2, 7, 5, 4, 18, 3, 1]
SURVIVOR bound=146 g=28 h=118 slack=0 board=[20, 24, 0, 22, 21, 14, 15, 23, 9, 16, 10, 18, 7, 17, 11, 5, 8, 12, 19, 6, 4, 3, 13, 2, 1]
SURVIVOR bound=146 g=34 h=112 slack=0 board=[20, 24, 23, 21, 0, 14, 9, 12, 22, 16, 10, 4, 17, 15, 11, 8, 3, 19, 13, 6, 5, 2, 18, 7, 1]
SURVIVOR bound=146 g=30 h=116 slack=0 board=[20, 19, 24, 23, 22, 15, 9, 17, 12, 21, 14, 7, 11, 13, 16, 5, 10, 8, 2, 6, 0, 4, 18, 3, 1]
SURVIVOR bound=146 g=40 h=106 slack=0 board=[0, 20, 9, 22, 21, 14, 15, 24, 7, 11, 10, 16, 23, 19, 12, 8, 17, 18, 3, 6, 5, 4, 2, 13, 1]
SURVIVOR bound=146 g=35 h=111 slack=0 board=[20, 23, 22, 12, 21, 15, 24, 16, 7, 11, 14, 18, 17, 9, 2, 10, 8, 0, 19, 13, 5, 4, 3, 1, 6]
SURVIVOR bound=146 g=55 h=91 slack=0 board=[20, 3, 24, 22, 21, 8, 15, 23, 9, 16, 6, 0, 19, 4, 10, 14, 2, 11, 18, 12, 5, 13, 17, 7, 1]
SURVIVOR bound=146 g=28 h=118 slack=0 board=[20, 19, 24, 23, 21, 15, 9, 18, 22, 16, 8, 7, 3, 12, 11, 14, 0, 10, 17, 6, 5, 13, 4, 2, 1]
SURVIVOR bound=146 g=41 h=105 slack=0 board=[20, 24, 22, 0, 21, 15, 9, 23, 2, 16, 8, 7, 18, 19, 11, 12, 17, 4, 13, 6, 14, 5, 10, 3, 1]
SURVIVOR bound=146 g=48 h=98 slack=0 board=[20, 24, 9, 2, 23, 14, 15, 22, 0, 21, 12, 11, 7, 6, 19, 10, 17, 8, 16, 18, 5, 4, 13, 3, 1]
SURVIVOR bound=146 g=32 h=114 slack=0 board=[20, 24, 22, 7, 21, 15, 9, 19, 23, 11, 14, 17, 16, 6, 13, 10, 8, 12, 0, 18, 5, 4, 3, 2, 1]
SURVIVOR bound=146 g=29 h=117 slack=0 board=[20, 9, 24, 23, 21, 15, 11, 8, 19, 17, 14, 0, 18, 22, 16, 10, 13, 12, 7, 6, 5, 4, 3, 2, 1]
SURVIVOR bound=146 g=32 h=114 slack=0 board=[20, 19, 24, 22, 21, 9, 15, 23, 12, 16, 13, 17, 7, 3, 11, 14, 10, 4, 0, 6, 5, 8, 2, 18, 1]
SURVIVOR bound=146 g=43 h=103 slack=0 board=[15, 3, 20, 22, 21, 19, 7, 24, 12, 9, 14, 0, 23, 16, 17, 10, 6, 18, 13, 11, 5, 8, 4, 2, 1]
SURVIVOR bound=146 g=38 h=108 slack=0 board=[20, 24, 22, 11, 21, 15, 0, 19, 9, 13, 14, 8, 23, 3, 16, 10, 12, 2, 18, 6, 5, 4, 7, 17, 1]
SURVIVOR bound=146 g=29 h=117 slack=0 board=[20, 24, 17, 23, 22, 15, 9, 19, 16, 21, 14, 0, 12, 13, 3, 10, 8, 18, 6, 11, 5, 4, 2, 7, 1]
SURVIVOR bound=146 g=38 h=108 slack=0 board=[20, 19, 24, 21, 16, 14, 15, 9, 12, 17, 8, 4, 22, 3, 11, 10, 23, 13, 0, 6, 5, 2, 18, 7, 1]
SURVIVOR bound=146 g=40 h=106 slack=0 board=[20, 9, 19, 24, 21, 15, 10, 17, 22, 16, 8, 3, 6, 23, 12, 14, 4, 13, 0, 11, 5, 2, 18, 7, 1]
SURVIVOR bound=146 g=38 h=108 slack=0 board=[20, 24, 23, 22, 21, 14, 15, 3, 9, 16, 10, 13, 19, 11, 0, 8, 2, 1, 18, 7, 5, 4, 12, 17, 6]
SURVIVOR bound=146 g=44 h=102 slack=0 board=[20, 19, 24, 22, 0, 14, 8, 15, 9, 21, 10, 4, 13, 23, 16, 7, 12, 2, 11, 18, 5, 3, 1, 17, 6]
SURVIVOR bound=146 g=53 h=93 slack=0 board=[20, 23, 13, 19, 21, 15, 8, 24, 3, 9, 7, 11, 10, 0, 18, 14, 4, 22, 6, 16, 5, 2, 12, 17, 1]
SURVIVOR bound=146 g=37 h=109 slack=0 board=[20, 9, 24, 22, 21, 15, 8, 23, 19, 16, 7, 10, 18, 0, 11, 4, 12, 13, 2, 6, 14, 5, 17, 3, 1]
SURVIVOR bound=146 g=35 h=111 slack=0 board=[15, 20, 9, 22, 21, 14, 13, 24, 19, 16, 8, 7, 23, 18, 6, 10, 4, 17, 11, 12, 5, 0, 3, 2, 1]
SURVIVOR bound=146 g=45 h=101 slack=0 board=[15, 9, 20, 24, 21, 19, 8, 13, 16, 0, 10, 14, 17, 22, 6, 7, 12, 11, 23, 1, 5, 4, 18, 3, 2]
SURVIVOR bound=146 g=41 h=105 slack=0 board=[20, 9, 24, 22, 21, 15, 7, 23, 17, 0, 10, 4, 19, 14, 16, 8, 3, 6, 11, 13, 5, 12, 2, 18, 1]
SURVIVOR bound=146 g=37 h=109 slack=0 board=[20, 24, 23, 22, 21, 15, 18, 3, 9, 16, 14, 17, 11, 2, 6, 10, 7, 19, 4, 13, 5, 8, 12, 0, 1]
SURVIVOR bound=146 g=30 h=116 slack=0 board=[0, 20, 24, 11, 21, 15, 9, 22, 19, 23, 14, 8, 13, 16, 17, 10, 7, 18, 12, 6, 5, 4, 3, 2, 1]
SURVIVOR bound=146 g=45 h=101 slack=0 board=[20, 24, 22, 18, 21, 15, 8, 9, 23, 6, 11, 0, 3, 16, 13, 14, 7, 2, 19, 12, 10, 5, 4, 17, 1]
SURVIVOR bound=146 g=43 h=103 slack=0 board=[20, 24, 21, 2, 16, 15, 17, 22, 9, 12, 10, 19, 23, 11, 6, 7, 14, 0, 13, 1, 5, 8, 18, 4, 3]
SURVIVOR bound=146 g=32 h=114 slack=0 board=[15, 20, 24, 23, 22, 14, 9, 18, 17, 21, 13, 8, 19, 6, 16, 10, 12, 2, 0, 11, 5, 4, 7, 3, 1]
SURVIVOR bound=146 g=44 h=102 slack=0 board=[20, 15, 9, 18, 21, 14, 8, 24, 19, 16, 10, 4, 13, 23, 12, 7, 6, 2, 0, 11, 5, 3, 17, 22, 1]
SURVIVOR bound=146 g=33 h=113 slack=0 board=[20, 0, 23, 22, 21, 15, 24, 17, 6, 16, 8, 18, 4, 9, 12, 14, 19, 10, 2, 11, 5, 7, 13, 3, 1]
SURVIVOR bound=146 g=48 h=98 slack=0 board=[20, 24, 0, 22, 21, 15, 9, 23, 11, 1, 14, 8, 16, 13, 2, 10, 7, 17, 19, 4, 5, 6, 12, 18, 3]
SURVIVOR bound=146 g=35 h=111 slack=0 board=[20, 15, 19, 12, 24, 14, 17, 0, 6, 21, 13, 9, 22, 23, 16, 10, 8, 18, 11, 7, 5, 4, 3, 2, 1]
SURVIVOR bound=146 g=43 h=103 slack=0 board=[15, 19, 20, 24, 21, 14, 9, 4, 23, 16, 8, 7, 22, 11, 6, 13, 12, 10, 17, 0, 5, 3, 18, 2, 1]
SURVIVOR bound=146 g=36 h=110 slack=0 board=[20, 13, 24, 17, 21, 15, 22, 8, 19, 12, 14, 7, 23, 2, 16, 10, 9, 11, 0, 6, 5, 4, 18, 3, 1]
SURVIVOR bound=146 g=29 h=115 slack=2 board=[20, 24, 17, 21, 11, 15, 22, 0, 16, 12, 14, 19, 13, 7, 6, 10, 9, 23, 2, 8, 5, 4, 18, 3, 1]
SURVIVOR bound=146 g=48 h=98 slack=0 board=[15, 20, 9, 23, 21, 14, 7, 8, 22, 11, 13, 3, 0, 24, 19, 10, 4, 16, 17, 6, 5, 2, 18, 12, 1]
SURVIVOR bound=146 g=32 h=114 slack=0 board=[20, 23, 22, 17, 21, 10, 15, 13, 24, 19, 9, 14, 18, 11, 16, 8, 0, 2, 12, 6, 5, 4, 7, 3, 1]
SURVIVOR bound=146 g=31 h=115 slack=0 board=[20, 24, 23, 22, 21, 15, 9, 13, 17, 16, 10, 0, 14, 11, 6, 4, 3, 12, 19, 8, 5, 2, 18, 7, 1]
SURVIVOR bound=146 g=34 h=112 slack=0 board=[20, 13, 0, 24, 21, 14, 15, 9, 23, 16, 12, 8, 19, 22, 11, 5, 10, 7, 17, 6, 4, 3, 18, 2, 1]
SURVIVOR bound=146 g=42 h=104 slack=0 board=[15, 20, 24, 22, 21, 14, 7, 13, 23, 19, 9, 17, 11, 2, 0, 10, 3, 12, 6, 16, 5, 8, 18, 4, 1]
SURVIVOR bound=146 g=34 h=112 slack=0 board=[20, 13, 24, 22, 21, 15, 8, 9, 19, 17, 14, 4, 23, 18, 16, 10, 3, 6, 0, 11, 5, 7, 2, 12, 1]
SURVIVOR bound=146 g=38 h=108 slack=0 board=[20, 24, 23, 22, 21, 15, 13, 7, 19, 16, 14, 17, 6, 3, 8, 10, 2, 4, 9, 11, 0, 5, 18, 12, 1]
SURVIVOR bound=146 g=47 h=99 slack=0 board=[20, 13, 24, 22, 21, 15, 10, 23, 11, 6, 12, 3, 16, 7, 8, 14, 17, 0, 2, 9, 5, 18, 19, 4, 1]
SURVIVOR bound=146 g=27 h=119 slack=0 board=[20, 24, 19, 23, 21, 14, 15, 0, 22, 17, 10, 13, 7, 18, 16, 9, 4, 8, 6, 11, 5, 3, 2, 12, 1]
SURVIVOR bound=146 g=48 h=98 slack=0 board=[20, 4, 15, 22, 21, 14, 7, 24, 9, 19, 13, 3, 17, 2, 16, 10, 0, 23, 6, 11, 5, 8, 12, 18, 1]
SURVIVOR bound=146 g=46 h=100 slack=0 board=[20, 22, 17, 9, 21, 14, 23, 16, 8, 11, 13, 4, 0, 15, 19, 10, 7, 24, 12, 6, 5, 3, 18, 2, 1]
SURVIVOR bound=146 g=42 h=104 slack=0 board=[20, 24, 0, 22, 21, 14, 9, 23, 3, 15, 13, 18, 6, 16, 19, 10, 8, 12, 1, 17, 5, 4, 2, 11, 7]
SURVIVOR bound=146 g=37 h=109 slack=0 board=[20, 23, 15, 22, 21, 14, 24, 16, 7, 11, 13, 3, 18, 8, 12, 10, 17, 0, 2, 6, 5, 9, 19, 4, 1]
SURVIVOR bound=146 g=43 h=103 slack=0 board=[20, 24, 23, 2, 22, 14, 8, 15, 19, 21, 13, 7, 16, 6, 17, 10, 12, 4, 3, 11, 5, 18, 9, 0, 1]
SURVIVOR bound=146 g=36 h=110 slack=0 board=[15, 20, 24, 23, 21, 14, 8, 9, 19, 22, 13, 17, 3, 12, 16, 10, 18, 7, 1, 11, 5, 4, 0, 2, 6]
SURVIVOR bound=146 g=29 h=115 slack=2 board=[20, 23, 22, 21, 16, 15, 24, 17, 7, 12, 13, 19, 2, 8, 11, 14, 9, 18, 3, 6, 10, 5, 4, 0, 1]
SURVIVOR bound=146 g=39 h=105 slack=2 board=[20, 24, 23, 22, 21, 15, 19, 12, 8, 16, 14, 7, 2, 4, 11, 9, 6, 17, 1, 0, 10, 13, 5, 18, 3]
SURVIVOR bound=146 g=40 h=106 slack=0 board=[20, 24, 22, 12, 21, 15, 19, 23, 0, 16, 13, 6, 2, 7, 8, 14, 17, 10, 4, 11, 5, 3, 18, 9, 1]
SURVIVOR bound=146 g=38 h=108 slack=0 board=[20, 13, 24, 22, 21, 15, 4, 9, 12, 16, 14, 3, 23, 19, 6, 10, 8, 7, 11, 18, 0, 5, 17, 2, 1]
SURVIVOR bound=146 g=32 h=114 slack=0 board=[15, 20, 23, 22, 21, 24, 17, 13, 12, 16, 14, 8, 3, 9, 18, 10, 19, 6, 11, 1, 5, 4, 2, 7, 0]
SURVIVOR bound=146 g=40 h=106 slack=0 board=[20, 22, 11, 12, 21, 15, 24, 6, 2, 16, 14, 23, 0, 19, 7, 10, 9, 13, 17, 8, 5, 4, 18, 3, 1]
SURVIVOR bound=146 g=34 h=112 slack=0 board=[20, 23, 22, 12, 21, 15, 24, 16, 6, 11, 14, 19, 17, 1, 8, 10, 18, 13, 0, 9, 5, 4, 3, 7, 2]
SURVIVOR bound=146 g=38 h=108 slack=0 board=[20, 24, 16, 23, 21, 15, 19, 22, 11, 6, 14, 17, 8, 2, 12, 5, 0, 13, 10, 7, 4, 3, 18, 9, 1]
SURVIVOR bound=146 g=34 h=112 slack=0 board=[20, 8, 19, 23, 21, 14, 15, 22, 0, 11, 17, 7, 24, 16, 12, 10, 13, 9, 18, 6, 5, 4, 3, 2, 1]
SURVIVOR bound=146 g=41 h=105 slack=0 board=[20, 24, 23, 22, 21, 15, 3, 11, 19, 18, 8, 12, 7, 2, 17, 14, 13, 6, 4, 0, 10, 5, 9, 1, 16]
SURVIVOR bound=146 g=49 h=97 slack=0 board=[20, 24, 3, 23, 21, 15, 7, 8, 19, 22, 13, 16, 6, 2, 18, 14, 17, 10, 4, 11, 5, 9, 12, 0, 1]
SURVIVOR bound=146 g=43 h=103 slack=0 board=[20, 24, 3, 23, 21, 15, 16, 0, 22, 11, 13, 17, 9, 8, 19, 14, 18, 2, 6, 12, 10, 5, 7, 4, 1]
SURVIVOR bound=146 g=42 h=104 slack=0 board=[15, 20, 23, 22, 21, 14, 24, 3, 8, 11, 13, 4, 9, 16, 6, 10, 2, 17, 19, 18, 5, 7, 0, 12, 1]
SURVIVOR bound=146 g=40 h=106 slack=0 board=[20, 24, 23, 22, 21, 15, 8, 2, 0, 19, 13, 12, 3, 6, 16, 14, 10, 17, 11, 1, 5, 9, 4, 18, 7]
SURVIVOR bound=146 g=32 h=112 slack=2 board=[20, 24, 3, 23, 21, 15, 8, 12, 22, 17, 13, 19, 0, 18, 16, 14, 10, 4, 7, 11, 5, 2, 9, 1, 6]
SURVIVOR bound=146 g=45 h=101 slack=0 board=[22, 17, 8, 18, 21, 20, 16, 0, 11, 12, 14, 15, 24, 7, 9, 10, 23, 13, 2, 6, 5, 19, 4, 3, 1]
SURVIVOR bound=146 g=34 h=112 slack=0 board=[20, 18, 24, 22, 8, 15, 12, 9, 16, 21, 14, 19, 7, 23, 11, 10, 13, 3, 17, 6, 0, 5, 4, 2, 1]
SURVIVOR bound=146 g=38 h=108 slack=0 board=[20, 24, 22, 12, 21, 15, 17, 16, 11, 7, 14, 18, 23, 3, 8, 10, 19, 2, 13, 9, 5, 4, 0, 1, 6]
SURVIVOR bound=146 g=44 h=102 slack=0 board=[20, 24, 22, 12, 21, 15, 0, 7, 9, 16, 14, 8, 6, 11, 1, 10, 17, 13, 23, 19, 5, 4, 18, 3, 2]
SURVIVOR bound=146 g=35 h=111 slack=0 board=[20, 24, 23, 22, 21, 8, 15, 7, 18, 16, 12, 10, 19, 11, 6, 14, 3, 17, 9, 0, 5, 13, 4, 2, 1]
SURVIVOR bound=146 g=29 h=117 slack=0 board=[20, 24, 18, 23, 21, 15, 8, 0, 19, 16, 13, 4, 17, 22, 11, 14, 12, 7, 9, 6, 10, 5, 3, 2, 1]
SURVIVOR bound=146 g=37 h=109 slack=0 board=[20, 13, 24, 22, 21, 15, 23, 8, 16, 0, 14, 4, 6, 19, 18, 10, 9, 2, 11, 12, 5, 3, 7, 17, 1]
SURVIVOR bound=146 g=42 h=104 slack=0 board=[20, 24, 23, 22, 21, 15, 7, 3, 8, 16, 13, 18, 17, 6, 9, 14, 2, 4, 10, 11, 0, 5, 19, 12, 1]
SURVIVOR bound=146 g=41 h=105 slack=0 board=[20, 24, 23, 22, 21, 15, 17, 0, 7, 12, 13, 18, 10, 2, 16, 14, 8, 4, 3, 9, 5, 1, 19, 6, 11]
SURVIVOR bound=146 g=34 h=112 slack=0 board=[20, 23, 22, 17, 21, 15, 24, 19, 16, 6, 13, 8, 11, 12, 1, 14, 10, 3, 18, 9, 5, 4, 0, 7, 2]
SURVIVOR bound=146 g=33 h=113 slack=0 board=[15, 20, 24, 23, 21, 14, 18, 8, 22, 11, 5, 12, 10, 16, 17, 13, 19, 0, 7, 6, 4, 3, 9, 2, 1]
SURVIVOR bound=146 g=44 h=102 slack=0 board=[0, 20, 3, 23, 21, 14, 24, 15, 22, 8, 7, 11, 19, 9, 16, 10, 13, 17, 18, 6, 5, 4, 2, 12, 1]
SURVIVOR bound=146 g=47 h=99 slack=0 board=[20, 24, 3, 23, 21, 15, 13, 11, 22, 18, 14, 8, 2, 19, 16, 7, 12, 17, 6, 1, 10, 0, 9, 5, 4]
SURVIVOR bound=146 g=41 h=105 slack=0 board=[20, 24, 8, 23, 21, 15, 7, 4, 19, 11, 13, 0, 18, 22, 6, 14, 5, 9, 16, 12, 10, 3, 2, 17, 1]
SURVIVOR bound=146 g=28 h=118 slack=0 board=[20, 24, 23, 21, 8, 15, 7, 17, 0, 22, 14, 18, 19, 11, 16, 10, 13, 9, 12, 6, 5, 4, 3, 2, 1]
SURVIVOR bound=146 g=46 h=100 slack=0 board=[20, 8, 24, 22, 21, 10, 14, 23, 15, 18, 11, 7, 0, 3, 17, 9, 16, 12, 19, 6, 5, 13, 4, 2, 1]
SURVIVOR bound=146 g=46 h=100 slack=0 board=[20, 24, 23, 22, 21, 15, 18, 12, 8, 17, 13, 7, 2, 3, 16, 11, 0, 9, 6, 1, 14, 5, 19, 10, 4]
SURVIVOR bound=146 g=37 h=109 slack=0 board=[20, 24, 23, 22, 21, 15, 19, 7, 8, 17, 14, 6, 4, 3, 16, 0, 13, 2, 18, 12, 10, 5, 9, 1, 11]
SURVIVOR bound=146 g=41 h=105 slack=0 board=[20, 8, 24, 23, 21, 14, 9, 15, 22, 16, 13, 6, 3, 18, 12, 10, 7, 0, 19, 1, 5, 4, 11, 17, 2]
SURVIVOR bound=146 g=41 h=105 slack=0 board=[20, 24, 18, 23, 21, 15, 7, 0, 8, 19, 12, 13, 3, 6, 16, 14, 10, 9, 22, 1, 5, 4, 17, 11, 2]
SURVIVOR bound=146 g=32 h=114 slack=0 board=[15, 20, 24, 23, 21, 14, 12, 19, 0, 8, 13, 22, 7, 18, 16, 10, 9, 17, 6, 11, 5, 4, 3, 2, 1]
SURVIVOR bound=146 g=28 h=118 slack=0 board=[20, 24, 22, 18, 21, 15, 13, 11, 19, 16, 14, 17, 23, 8, 6, 10, 12, 9, 0, 7, 5, 4, 3, 2, 1]
SURVIVOR bound=146 g=34 h=112 slack=0 board=[20, 24, 23, 22, 21, 15, 19, 12, 16, 2, 13, 7, 6, 3, 18, 14, 10, 9, 0, 11, 5, 4, 17, 8, 1]
SURVIVOR bound=146 g=43 h=103 slack=0 board=[20, 24, 9, 23, 21, 10, 15, 0, 22, 16, 8, 13, 3, 19, 14, 12, 7, 18, 6, 11, 5, 4, 2, 17, 1]
SURVIVOR bound=146 g=50 h=94 slack=2 board=[20, 13, 3, 24, 21, 14, 15, 8, 23, 19, 11, 2, 0, 22, 16, 12, 10, 9, 18, 7, 5, 4, 1, 17, 6]
SURVIVOR bound=146 g=36 h=110 slack=0 board=[15, 20, 19, 24, 23, 13, 12, 8, 16, 21, 14, 17, 7, 22, 11, 10, 9, 18, 6, 1, 5, 4, 0, 3, 2]
SURVIVOR bound=146 g=43 h=103 slack=0 board=[20, 24, 3, 9, 21, 14, 15, 0, 23, 19, 13, 8, 17, 22, 18, 10, 12, 6, 7, 16, 5, 4, 2, 1, 11]
SURVIVOR bound=146 g=39 h=107 slack=0 board=[20, 24, 8, 23, 21, 14, 12, 15, 22, 19, 13, 9, 2, 0, 18, 10, 17, 6, 11, 16, 5, 4, 7, 3, 1]
SURVIVOR bound=146 g=42 h=104 slack=0 board=[20, 24, 23, 22, 21, 15, 18, 16, 11, 6, 12, 3, 0, 7, 8, 14, 10, 17, 4, 9, 5, 13, 2, 19, 1]
SURVIVOR bound=146 g=35 h=111 slack=0 board=[20, 24, 23, 22, 21, 14, 15, 17, 16, 11, 12, 0, 7, 6, 2, 10, 18, 13, 3, 9, 5, 4, 19, 8, 1]
SURVIVOR bound=146 g=43 h=103 slack=0 board=[20, 24, 23, 22, 21, 14, 7, 16, 2, 11, 12, 15, 19, 6, 3, 10, 17, 13, 4, 0, 5, 9, 18, 8, 1]
SURVIVOR bound=146 g=36 h=110 slack=0 board=[20, 24, 23, 22, 21, 15, 19, 16, 11, 7, 14, 12, 2, 4, 18, 9, 13, 17, 3, 6, 10, 8, 0, 5, 1]
SURVIVOR bound=146 g=34 h=112 slack=0 board=[20, 24, 22, 7, 21, 15, 13, 23, 16, 6, 14, 17, 0, 11, 8, 10, 9, 19, 3, 2, 5, 4, 18, 12, 1]
SURVIVOR bound=146 g=42 h=104 slack=0 board=[20, 24, 23, 22, 21, 15, 17, 3, 7, 16, 13, 19, 0, 4, 10, 14, 12, 2, 11, 8, 5, 9, 6, 18, 1]
SURVIVOR bound=146 g=39 h=107 slack=0 board=[20, 12, 7, 23, 21, 15, 24, 22, 8, 17, 14, 18, 3, 0, 16, 13, 11, 19, 9, 6, 10, 5, 4, 2, 1]
SURVIVOR bound=146 g=43 h=103 slack=0 board=[20, 24, 7, 23, 21, 15, 12, 22, 16, 0, 17, 11, 19, 6, 8, 14, 10, 13, 3, 2, 5, 4, 18, 9, 1]
SURVIVOR bound=146 g=39 h=107 slack=0 board=[20, 4, 24, 23, 21, 15, 7, 18, 22, 11, 13, 0, 19, 16, 6, 14, 5, 12, 17, 9, 10, 3, 2, 8, 1]
SURVIVOR bound=146 g=37 h=109 slack=0 board=[20, 24, 22, 7, 21, 15, 19, 23, 8, 16, 13, 17, 10, 9, 11, 12, 5, 18, 2, 6, 14, 0, 4, 3, 1]
SURVIVOR bound=146 g=43 h=103 slack=0 board=[20, 13, 7, 24, 21, 14, 8, 15, 22, 19, 12, 23, 6, 18, 17, 10, 9, 3, 11, 16, 5, 0, 4, 2, 1]
SURVIVOR bound=146 g=40 h=106 slack=0 board=[20, 13, 24, 17, 22, 15, 23, 8, 0, 18, 11, 12, 7, 19, 21, 14, 4, 16, 9, 6, 10, 5, 3, 2, 1]
SURVIVOR bound=146 g=33 h=113 slack=0 board=[20, 22, 15, 18, 21, 14, 24, 0, 11, 17, 13, 12, 23, 8, 19, 10, 9, 7, 6, 16, 5, 4, 3, 2, 1]
SURVIVOR bound=146 g=45 h=101 slack=0 board=[20, 13, 24, 23, 21, 15, 12, 8, 18, 7, 14, 11, 6, 3, 19, 10, 9, 2, 22, 17, 5, 4, 1, 0, 16]
SURVIVOR bound=146 g=40 h=106 slack=0 board=[15, 13, 20, 24, 21, 19, 9, 12, 23, 16, 14, 8, 3, 18, 6, 10, 4, 2, 22, 7, 5, 11, 0, 17, 1]
SURVIVOR bound=146 g=44 h=102 slack=0 board=[20, 24, 2, 23, 21, 15, 19, 22, 16, 6, 14, 11, 0, 3, 7, 9, 12, 17, 8, 1, 10, 13, 18, 5, 4]
SURVIVOR bound=146 g=37 h=109 slack=0 board=[20, 0, 19, 24, 21, 15, 3, 17, 22, 16, 12, 10, 23, 9, 6, 14, 13, 18, 11, 7, 5, 4, 2, 8, 1]
SURVIVOR bound=146 g=32 h=114 slack=0 board=[19, 23, 18, 22, 21, 15, 17, 3, 13, 11, 14, 20, 8, 16, 6, 10, 24, 4, 12, 7, 5, 9, 0, 2, 1]
SURVIVOR bound=146 g=30 h=116 slack=0 board=[19, 20, 23, 22, 21, 24, 18, 9, 14, 16, 12, 13, 4, 17, 11, 15, 10, 7, 0, 6, 5, 3, 8, 2, 1]
SURVIVOR bound=146 g=35 h=111 slack=0 board=[20, 23, 18, 22, 21, 0, 16, 3, 8, 11, 19, 15, 13, 14, 6, 10, 24, 9, 17, 1, 5, 4, 2, 12, 7]
SURVIVOR bound=146 g=49 h=97 slack=0 board=[20, 23, 8, 18, 21, 19, 13, 12, 16, 6, 5, 15, 3, 22, 7, 0, 11, 10, 14, 9, 4, 17, 24, 2, 1]
SURVIVOR bound=146 g=41 h=105 slack=0 board=[20, 18, 13, 22, 21, 19, 12, 16, 2, 7, 15, 17, 8, 0, 14, 10, 23, 6, 3, 11, 5, 24, 9, 4, 1]
SURVIVOR bound=146 g=40 h=106 slack=0 board=[20, 23, 22, 12, 21, 13, 8, 16, 3, 11, 19, 17, 18, 7, 14, 15, 24, 9, 2, 6, 10, 5, 4, 1, 0]
SURVIVOR bound=146 g=38 h=108 slack=0 board=[20, 23, 12, 13, 22, 19, 24, 7, 18, 14, 10, 15, 9, 17, 21, 8, 6, 3, 11, 16, 5, 4, 0, 2, 1]
SURVIVOR bound=146 g=41 h=105 slack=0 board=[20, 23, 18, 21, 16, 19, 14, 3, 22, 8, 12, 7, 13, 6, 24, 15, 10, 17, 2, 11, 5, 9, 4, 0, 1]
SURVIVOR bound=146 g=34 h=112 slack=0 board=[20, 23, 13, 18, 21, 19, 11, 8, 24, 17, 12, 14, 22, 7, 16, 15, 10, 3, 9, 6, 5, 4, 2, 1, 0]
SURVIVOR bound=146 g=32 h=114 slack=0 board=[20, 23, 18, 22, 21, 9, 10, 14, 11, 24, 19, 12, 17, 7, 16, 8, 15, 13, 2, 6, 5, 4, 0, 3, 1]
SURVIVOR bound=146 g=28 h=118 slack=0 board=[20, 23, 18, 22, 21, 19, 14, 8, 17, 11, 15, 3, 9, 16, 12, 10, 13, 2, 24, 6, 5, 4, 0, 7, 1]
SURVIVOR bound=146 g=44 h=102 slack=0 board=[20, 23, 18, 22, 21, 14, 17, 3, 6, 16, 11, 12, 10, 24, 7, 19, 15, 4, 9, 8, 5, 13, 0, 2, 1]
SURVIVOR bound=146 g=38 h=108 slack=0 board=[20, 23, 18, 22, 21, 19, 17, 12, 13, 6, 15, 7, 0, 16, 8, 10, 24, 11, 4, 9, 5, 3, 14, 2, 1]
SURVIVOR bound=146 g=34 h=112 slack=0 board=[20, 23, 13, 18, 21, 19, 12, 22, 16, 11, 10, 15, 9, 24, 8, 5, 17, 14, 7, 6, 0, 4, 3, 2, 1]
SURVIVOR bound=146 g=38 h=108 slack=0 board=[20, 23, 12, 18, 21, 19, 17, 8, 15, 13, 10, 24, 0, 22, 14, 9, 4, 6, 16, 11, 5, 3, 2, 7, 1]
SURVIVOR bound=146 g=43 h=103 slack=0 board=[20, 18, 22, 2, 21, 17, 12, 16, 11, 6, 19, 23, 13, 9, 7, 10, 15, 24, 14, 0, 5, 4, 8, 3, 1]
SURVIVOR bound=146 g=44 h=102 slack=0 board=[20, 23, 18, 22, 21, 16, 7, 9, 11, 12, 19, 17, 3, 14, 8, 15, 24, 2, 4, 6, 10, 5, 0, 13, 1]
SURVIVOR bound=146 g=51 h=95 slack=0 board=[22, 0, 12, 17, 21, 20, 7, 3, 13, 16, 19, 15, 4, 9, 6, 10, 23, 11, 2, 8, 5, 18, 24, 14, 1]
SURVIVOR bound=146 g=37 h=109 slack=0 board=[20, 22, 8, 17, 21, 18, 3, 12, 16, 11, 19, 23, 14, 15, 13, 10, 24, 4, 7, 6, 5, 0, 9, 2, 1]
SURVIVOR bound=146 g=39 h=107 slack=0 board=[20, 23, 22, 12, 17, 19, 14, 9, 24, 21, 15, 7, 6, 4, 13, 10, 11, 0, 18, 16, 5, 3, 8, 2, 1]
SURVIVOR bound=146 g=35 h=111 slack=0 board=[20, 23, 22, 17, 21, 19, 24, 8, 12, 13, 15, 7, 4, 14, 18, 10, 9, 11, 16, 0, 5, 3, 2, 6, 1]
SURVIVOR bound=146 g=44 h=102 slack=0 board=[20, 23, 22, 17, 21, 19, 16, 11, 14, 6, 0, 15, 3, 9, 1, 10, 24, 4, 12, 8, 5, 7, 18, 13, 2]
SURVIVOR bound=146 g=52 h=94 slack=0 board=[20, 22, 3, 21, 11, 19, 23, 7, 17, 12, 0, 10, 13, 8, 6, 18, 16, 15, 2, 14, 5, 9, 24, 4, 1]
SURVIVOR bound=146 g=31 h=115 slack=0 board=[20, 23, 22, 21, 16, 19, 18, 9, 11, 12, 15, 0, 24, 14, 6, 5, 10, 13, 17, 7, 4, 3, 2, 8, 1]
SURVIVOR bound=146 g=41 h=105 slack=0 board=[20, 23, 22, 0, 21, 14, 24, 7, 9, 17, 11, 13, 4, 18, 16, 19, 12, 3, 8, 6, 15, 10, 5, 2, 1]
SURVIVOR bound=146 g=38 h=108 slack=0 board=[20, 23, 14, 22, 21, 19, 9, 12, 24, 16, 10, 17, 11, 6, 1, 18, 15, 4, 13, 2, 5, 3, 8, 7, 0]
SURVIVOR bound=146 g=49 h=97 slack=0 board=[20, 14, 24, 21, 9, 19, 4, 7, 15, 23, 10, 3, 11, 0, 16, 13, 17, 12, 22, 6, 5, 8, 18, 2, 1]
SURVIVOR bound=146 g=39 h=107 slack=0 board=[20, 24, 23, 22, 21, 19, 4, 14, 18, 16, 13, 0, 10, 15, 9, 7, 3, 17, 6, 11, 5, 8, 12, 2, 1]
SURVIVOR bound=146 g=39 h=107 slack=0 board=[20, 0, 23, 18, 22, 9, 24, 19, 14, 4, 13, 7, 11, 16, 21, 15, 10, 12, 17, 6, 5, 3, 8, 2, 1]
SURVIVOR bound=146 g=53 h=93 slack=0 board=[20, 4, 9, 22, 21, 10, 15, 19, 14, 18, 7, 3, 13, 24, 16, 12, 6, 17, 2, 11, 5, 8, 23, 0, 1]
SURVIVOR bound=146 g=44 h=102 slack=0 board=[20, 24, 13, 18, 22, 19, 11, 9, 0, 14, 15, 4, 7, 6, 21, 10, 3, 12, 16, 23, 5, 8, 2, 17, 1]
SURVIVOR bound=146 g=44 h=102 slack=0 board=[20, 24, 13, 23, 21, 14, 7, 4, 22, 12, 0, 19, 15, 9, 18, 10, 6, 2, 16, 11, 5, 3, 17, 8, 1]
SURVIVOR bound=146 g=57 h=89 slack=0 board=[20, 4, 24, 22, 21, 19, 2, 3, 9, 0, 10, 15, 23, 13, 14, 11, 8, 6, 16, 18, 5, 7, 12, 17, 1]
SURVIVOR bound=146 g=35 h=111 slack=0 board=[20, 9, 24, 22, 21, 19, 4, 16, 11, 0, 15, 8, 23, 14, 13, 10, 17, 12, 18, 6, 5, 3, 2, 7, 1]
SURVIVOR bound=146 g=52 h=94 slack=0 board=[19, 4, 20, 17, 22, 15, 6, 24, 9, 14, 11, 13, 23, 16, 21, 10, 12, 2, 18, 8, 5, 3, 0, 7, 1]
SURVIVOR bound=146 g=45 h=101 slack=0 board=[20, 4, 9, 24, 21, 19, 8, 0, 22, 14, 10, 15, 23, 18, 16, 5, 6, 17, 11, 12, 3, 13, 2, 7, 1]
SURVIVOR bound=146 g=49 h=97 slack=0 board=[20, 24, 23, 22, 21, 19, 3, 9, 13, 14, 5, 10, 15, 4, 16, 0, 2, 8, 18, 11, 1, 12, 6, 17, 7]
SURVIVOR bound=146 g=52 h=94 slack=0 board=[20, 9, 24, 22, 0, 14, 8, 2, 11, 21, 13, 7, 17, 16, 10, 19, 12, 23, 3, 6, 15, 18, 5, 4, 1]
SURVIVOR bound=146 g=36 h=110 slack=0 board=[20, 10, 14, 24, 21, 19, 8, 17, 22, 16, 9, 7, 23, 13, 11, 15, 4, 18, 12, 2, 5, 3, 1, 6, 0]
SURVIVOR bound=146 g=32 h=114 slack=0 board=[20, 24, 23, 22, 21, 19, 14, 16, 11, 6, 15, 7, 18, 9, 0, 5, 13, 2, 17, 12, 4, 8, 10, 3, 1]
SURVIVOR bound=146 g=51 h=95 slack=0 board=[20, 9, 14, 24, 21, 19, 3, 4, 15, 16, 8, 10, 12, 23, 6, 11, 13, 17, 22, 7, 5, 0, 18, 2, 1]
SURVIVOR bound=146 g=51 h=95 slack=0 board=[20, 24, 4, 23, 21, 19, 3, 5, 22, 9, 8, 7, 14, 0, 16, 15, 6, 11, 17, 12, 10, 13, 18, 2, 1]
SURVIVOR bound=146 g=51 h=95 slack=0 board=[20, 9, 24, 23, 21, 19, 3, 8, 14, 16, 5, 0, 15, 22, 6, 2, 11, 12, 17, 10, 4, 7, 18, 13, 1]
SURVIVOR bound=146 g=36 h=110 slack=0 board=[20, 24, 14, 23, 21, 19, 15, 12, 9, 16, 5, 3, 10, 22, 11, 8, 0, 7, 17, 6, 4, 13, 18, 2, 1]
SURVIVOR bound=146 g=51 h=95 slack=0 board=[20, 24, 23, 22, 21, 19, 7, 9, 14, 17, 11, 12, 2, 3, 16, 18, 8, 6, 5, 1, 15, 0, 10, 13, 4]
SURVIVOR bound=146 g=38 h=108 slack=0 board=[20, 14, 24, 23, 22, 19, 4, 8, 9, 12, 0, 15, 11, 16, 21, 10, 3, 17, 7, 6, 5, 13, 18, 2, 1]
SURVIVOR bound=146 g=51 h=95 slack=0 board=[20, 4, 14, 24, 21, 19, 7, 8, 23, 9, 15, 6, 12, 16, 18, 0, 10, 11, 22, 17, 5, 3, 13, 2, 1]
SURVIVOR bound=146 g=44 h=102 slack=0 board=[20, 22, 17, 12, 21, 23, 16, 11, 7, 9, 14, 24, 18, 2, 15, 19, 10, 8, 0, 6, 5, 4, 13, 3, 1]
SURVIVOR bound=146 g=49 h=97 slack=0 board=[20, 9, 14, 23, 21, 12, 8, 15, 19, 16, 10, 18, 3, 11, 6, 13, 7, 2, 24, 0, 5, 4, 17, 22, 1]
SURVIVOR bound=146 g=52 h=94 slack=0 board=[20, 9, 24, 21, 0, 19, 4, 8, 23, 14, 10, 11, 16, 15, 22, 13, 3, 7, 18, 6, 5, 12, 17, 2, 1]
SURVIVOR bound=146 g=28 h=118 slack=0 board=[20, 24, 23, 22, 21, 19, 9, 14, 18, 11, 15, 7, 12, 16, 17, 8, 3, 4, 13, 6, 10, 5, 0, 2, 1]
SURVIVOR bound=146 g=48 h=98 slack=0 board=[14, 9, 24, 23, 22, 20, 8, 3, 15, 21, 11, 12, 7, 18, 16, 19, 10, 4, 0, 6, 5, 13, 2, 17, 1]
SURVIVOR bound=146 g=30 h=116 slack=0 board=[20, 23, 18, 22, 21, 14, 24, 17, 16, 11, 9, 13, 7, 3, 12, 19, 15, 10, 2, 6, 5, 8, 0, 4, 1]
SURVIVOR bound=146 g=48 h=98 slack=0 board=[20, 3, 9, 24, 21, 19, 7, 23, 22, 18, 6, 13, 11, 14, 16, 15, 10, 4, 0, 12, 5, 8, 2, 17, 1]
SURVIVOR bound=146 g=48 h=98 slack=0 board=[20, 24, 3, 23, 21, 19, 8, 9, 22, 14, 4, 10, 15, 6, 16, 11, 0, 18, 13, 17, 5, 2, 7, 12, 1]
SURVIVOR bound=146 g=35 h=111 slack=0 board=[20, 24, 23, 22, 21, 0, 8, 14, 3, 16, 19, 15, 9, 18, 13, 12, 2, 6, 17, 11, 10, 5, 4, 7, 1]
SURVIVOR bound=146 g=40 h=106 slack=0 board=[20, 9, 24, 22, 21, 19, 3, 15, 23, 17, 10, 4, 12, 14, 16, 8, 6, 13, 18, 11, 5, 2, 0, 7, 1]
SURVIVOR bound=146 g=37 h=109 slack=0 board=[20, 24, 3, 23, 22, 14, 15, 0, 16, 21, 19, 2, 9, 18, 12, 10, 7, 13, 17, 11, 5, 8, 4, 1, 6]
SURVIVOR bound=146 g=43 h=103 slack=0 board=[20, 9, 14, 16, 24, 19, 7, 15, 18, 23, 10, 12, 13, 0, 21, 8, 17, 6, 22, 11, 5, 4, 3, 2, 1]
SURVIVOR bound=146 g=32 h=114 slack=0 board=[20, 14, 24, 23, 21, 19, 7, 22, 11, 13, 15, 9, 0, 18, 16, 10, 8, 12, 17, 2, 5, 4, 3, 1, 6]
SURVIVOR bound=146 g=35 h=111 slack=0 board=[20, 24, 22, 14, 21, 19, 9, 13, 16, 0, 15, 10, 8, 23, 11, 5, 3, 7, 18, 6, 4, 2, 12, 17, 1]
SURVIVOR bound=146 g=41 h=103 slack=2 board=[20, 24, 23, 22, 21, 19, 9, 4, 15, 14, 10, 7, 11, 0, 16, 8, 3, 2, 18, 6, 5, 13, 12, 17, 1]
SURVIVOR bound=146 g=35 h=111 slack=0 board=[20, 0, 24, 22, 21, 19, 9, 23, 14, 11, 10, 15, 7, 18, 13, 8, 12, 2, 16, 17, 5, 4, 6, 3, 1]
SURVIVOR bound=146 g=33 h=113 slack=0 board=[20, 24, 23, 22, 21, 19, 8, 9, 14, 17, 15, 7, 18, 1, 16, 10, 6, 0, 11, 13, 5, 4, 12, 3, 2]
SURVIVOR bound=146 g=38 h=108 slack=0 board=[20, 24, 23, 22, 21, 19, 14, 9, 0, 16, 15, 8, 6, 18, 4, 7, 3, 12, 11, 17, 10, 5, 2, 13, 1]
SURVIVOR bound=146 g=34 h=112 slack=0 board=[20, 24, 22, 18, 21, 19, 13, 9, 14, 17, 15, 11, 7, 16, 6, 10, 8, 3, 12, 23, 5, 4, 2, 1, 0]
SURVIVOR bound=146 g=40 h=106 slack=0 board=[20, 23, 22, 2, 21, 19, 0, 24, 14, 12, 15, 8, 17, 9, 16, 5, 10, 13, 3, 11, 4, 7, 18, 1, 6]
SURVIVOR bound=146 g=40 h=106 slack=0 board=[20, 14, 24, 22, 21, 13, 7, 2, 9, 16, 19, 23, 3, 18, 12, 15, 8, 4, 17, 11, 10, 5, 0, 1, 6]
SURVIVOR bound=146 g=48 h=98 slack=0 board=[20, 4, 8, 22, 21, 19, 0, 24, 9, 18, 15, 12, 23, 13, 14, 10, 3, 7, 6, 17, 5, 2, 1, 11, 16]
SURVIVOR bound=146 g=46 h=100 slack=0 board=[20, 8, 24, 22, 21, 19, 0, 23, 9, 14, 15, 3, 4, 16, 18, 10, 11, 6, 13, 12, 5, 7, 2, 17, 1]
SURVIVOR bound=146 g=32 h=114 slack=0 board=[20, 14, 22, 21, 16, 19, 8, 24, 9, 11, 15, 23, 17, 18, 0, 10, 7, 13, 12, 1, 5, 4, 3, 6, 2]
SURVIVOR bound=146 g=41 h=105 slack=0 board=[20, 24, 22, 17, 21, 14, 16, 9, 11, 13, 19, 12, 3, 8, 15, 10, 23, 7, 2, 6, 5, 18, 4, 0, 1]
SURVIVOR bound=146 g=36 h=110 slack=0 board=[20, 24, 22, 2, 21, 14, 13, 23, 16, 7, 19, 9, 17, 8, 15, 10, 12, 18, 0, 11, 5, 4, 3, 1, 6]
SURVIVOR bound=146 g=34 h=112 slack=0 board=[20, 13, 24, 23, 21, 10, 12, 19, 14, 16, 18, 17, 8, 11, 0, 5, 15, 7, 22, 6, 4, 9, 3, 2, 1]
SURVIVOR bound=146 g=34 h=112 slack=0 board=[20, 14, 12, 24, 21, 19, 13, 16, 0, 11, 10, 23, 22, 7, 18, 9, 17, 15, 8, 6, 5, 4, 3, 2, 1]
SURVIVOR bound=146 g=53 h=93 slack=0 board=[20, 14, 4, 24, 21, 19, 3, 10, 23, 15, 9, 12, 13, 22, 16, 7, 6, 0, 18, 11, 5, 8, 2, 17, 1]
SURVIVOR bound=146 g=30 h=116 slack=0 board=[20, 15, 24, 14, 21, 19, 22, 12, 23, 16, 10, 8, 0, 17, 6, 9, 13, 18, 11, 7, 5, 4, 3, 2, 1]
SURVIVOR bound=146 g=40 h=106 slack=0 board=[19, 20, 23, 22, 21, 10, 24, 3, 14, 16, 13, 7, 15, 18, 0, 9, 12, 2, 6, 11, 5, 8, 17, 4, 1]
SURVIVOR bound=146 g=52 h=94 slack=0 board=[20, 24, 23, 22, 21, 19, 8, 3, 14, 16, 7, 9, 0, 10, 15, 6, 2, 4, 18, 13, 5, 11, 12, 17, 1]
SURVIVOR bound=146 g=47 h=99 slack=0 board=[20, 14, 24, 21, 16, 17, 11, 2, 22, 0, 19, 12, 15, 9, 6, 10, 13, 8, 3, 7, 5, 4, 23, 18, 1]
SURVIVOR bound=146 g=34 h=112 slack=0 board=[20, 14, 17, 24, 21, 19, 16, 7, 11, 12, 15, 13, 22, 8, 0, 10, 18, 9, 23, 6, 5, 4, 3, 2, 1]
SURVIVOR bound=146 g=34 h=112 slack=0 board=[20, 14, 24, 12, 22, 15, 19, 17, 7, 21, 10, 13, 6, 2, 16, 9, 8, 23, 11, 1, 5, 4, 18, 3, 0]
SURVIVOR bound=146 g=31 h=115 slack=0 board=[19, 14, 20, 24, 21, 15, 23, 0, 16, 11, 13, 17, 22, 9, 12, 10, 8, 18, 7, 6, 5, 4, 3, 2, 1]
SURVIVOR bound=146 g=36 h=110 slack=0 board=[20, 24, 22, 17, 21, 9, 0, 13, 14, 11, 19, 15, 16, 7, 23, 10, 12, 4, 2, 6, 5, 3, 18, 8, 1]
SURVIVOR bound=146 g=48 h=98 slack=0 board=[20, 23, 14, 9, 22, 13, 4, 15, 8, 21, 19, 11, 0, 16, 24, 10, 7, 12, 17, 6, 5, 3, 18, 2, 1]
SURVIVOR bound=146 g=25 h=121 slack=0 board=[20, 22, 17, 14, 21, 19, 23, 0, 16, 11, 15, 13, 24, 7, 12, 10, 9, 18, 2, 6, 5, 4, 8, 3, 1]
SURVIVOR bound=146 g=30 h=116 slack=0 board=[20, 13, 24, 22, 21, 9, 19, 23, 14, 11, 0, 18, 12, 16, 17, 15, 10, 4, 8, 6, 5, 3, 2, 7, 1]
SURVIVOR bound=146 g=39 h=107 slack=0 board=[20, 9, 13, 22, 21, 19, 12, 24, 14, 16, 10, 15, 7, 6, 23, 8, 4, 17, 11, 0, 5, 3, 18, 2, 1]
SURVIVOR bound=146 g=33 h=113 slack=0 board=[20, 24, 14, 23, 21, 19, 13, 18, 22, 16, 10, 3, 15, 9, 12, 8, 6, 17, 11, 0, 5, 4, 2, 7, 1]
SURVIVOR bound=146 g=43 h=103 slack=0 board=[20, 9, 15, 22, 21, 13, 8, 24, 23, 14, 19, 4, 12, 0, 11, 10, 7, 6, 16, 17, 5, 3, 18, 2, 1]
SURVIVOR bound=146 g=44 h=102 slack=0 board=[20, 24, 3, 14, 21, 13, 8, 17, 23, 16, 19, 6, 0, 9, 12, 10, 15, 2, 22, 11, 5, 18, 4, 7, 1]
SURVIVOR bound=146 g=35 h=111 slack=0 board=[20, 24, 23, 22, 21, 19, 12, 10, 14, 16, 3, 13, 7, 8, 11, 18, 15, 17, 2, 6, 5, 9, 4, 0, 1]
SURVIVOR bound=146 g=49 h=97 slack=0 board=[20, 12, 24, 22, 21, 13, 8, 14, 2, 0, 11, 17, 23, 6, 16, 19, 15, 10, 4, 7, 5, 18, 9, 3, 1]
SURVIVOR bound=146 g=33 h=113 slack=0 board=[20, 24, 17, 23, 21, 19, 14, 16, 12, 11, 15, 9, 13, 6, 1, 10, 4, 0, 7, 2, 5, 18, 22, 8, 3]
SURVIVOR bound=146 g=39 h=107 slack=0 board=[20, 24, 22, 11, 21, 14, 12, 23, 2, 7, 19, 15, 16, 0, 6, 10, 13, 17, 9, 1, 5, 4, 8, 18, 3]
SURVIVOR bound=146 g=34 h=112 slack=0 board=[20, 24, 0, 12, 21, 14, 23, 22, 11, 7, 19, 17, 13, 16, 6, 10, 15, 9, 2, 8, 5, 4, 18, 3, 1]
SURVIVOR bound=146 g=37 h=109 slack=0 board=[20, 24, 17, 23, 22, 19, 14, 2, 7, 21, 15, 6, 3, 0, 12, 10, 13, 9, 11, 16, 5, 4, 18, 8, 1]
SURVIVOR bound=146 g=40 h=106 slack=0 board=[20, 17, 14, 24, 21, 19, 13, 8, 23, 12, 0, 15, 2, 22, 6, 10, 11, 9, 16, 18, 5, 4, 7, 3, 1]
SURVIVOR bound=146 g=43 h=103 slack=0 board=[14, 20, 24, 22, 21, 0, 13, 12, 8, 16, 17, 11, 3, 9, 6, 19, 15, 10, 23, 7, 5, 4, 2, 18, 1]
SURVIVOR bound=146 g=44 h=102 slack=0 board=[20, 14, 24, 23, 21, 19, 17, 6, 2, 11, 12, 13, 22, 9, 7, 15, 10, 16, 3, 8, 5, 4, 18, 1, 0]
SURVIVOR bound=146 g=31 h=115 slack=0 board=[20, 24, 23, 22, 21, 19, 14, 3, 18, 16, 10, 0, 6, 4, 12, 13, 8, 15, 17, 11, 5, 9, 2, 7, 1]
SURVIVOR bound=146 g=44 h=102 slack=0 board=[20, 3, 14, 24, 21, 19, 7, 18, 23, 17, 8, 11, 0, 22, 6, 13, 15, 12, 16, 10, 5, 9, 4, 2, 1]
SURVIVOR bound=146 g=31 h=115 slack=0 board=[20, 24, 23, 22, 21, 19, 14, 7, 18, 0, 8, 12, 17, 11, 16, 15, 9, 3, 6, 1, 10, 13, 5, 4, 2]
SURVIVOR bound=146 g=35 h=111 slack=0 board=[20, 24, 23, 0, 22, 19, 13, 14, 8, 21, 11, 3, 12, 17, 18, 15, 10, 9, 6, 16, 5, 4, 2, 7, 1]
SURVIVOR bound=146 g=38 h=108 slack=0 board=[20, 24, 23, 22, 21, 19, 14, 4, 8, 18, 15, 3, 7, 16, 0, 10, 13, 1, 12, 11, 5, 2, 17, 9, 6]
SURVIVOR bound=146 g=48 h=98 slack=0 board=[20, 24, 23, 22, 21, 19, 0, 14, 2, 6, 10, 12, 16, 3, 7, 13, 11, 17, 4, 9, 5, 8, 18, 15, 1]
SURVIVOR bound=146 g=45 h=101 slack=0 board=[20, 24, 9, 18, 21, 19, 8, 3, 23, 14, 12, 2, 11, 0, 22, 15, 10, 13, 6, 16, 5, 4, 7, 17, 1]
SURVIVOR bound=146 g=48 h=98 slack=0 board=[20, 8, 24, 22, 21, 14, 3, 23, 18, 16, 11, 17, 15, 6, 7, 12, 19, 4, 10, 9, 5, 13, 0, 2, 1]
SURVIVOR bound=146 g=32 h=114 slack=0 board=[20, 24, 23, 22, 21, 19, 0, 18, 16, 9, 13, 14, 4, 6, 17, 15, 12, 10, 8, 11, 5, 3, 2, 7, 1]
SURVIVOR bound=146 g=39 h=107 slack=0 board=[20, 14, 18, 0, 24, 19, 4, 10, 21, 23, 13, 8, 11, 22, 16, 15, 7, 12, 17, 6, 5, 3, 9, 2, 1]
SURVIVOR bound=146 g=31 h=115 slack=0 board=[20, 24, 22, 18, 21, 19, 14, 16, 9, 12, 13, 8, 23, 6, 17, 15, 10, 7, 2, 0, 5, 4, 3, 1, 11]
SURVIVOR bound=146 g=32 h=114 slack=0 board=[20, 14, 24, 23, 21, 19, 8, 13, 0, 16, 15, 4, 17, 22, 6, 10, 7, 18, 11, 12, 5, 3, 9, 2, 1]
SURVIVOR bound=146 g=42 h=104 slack=0 board=[20, 24, 0, 8, 21, 19, 4, 9, 23, 14, 15, 11, 22, 16, 18, 10, 7, 13, 17, 12, 5, 3, 2, 1, 6]
SURVIVOR bound=146 g=34 h=112 slack=0 board=[20, 13, 24, 22, 21, 19, 23, 7, 14, 18, 8, 12, 3, 17, 16, 15, 0, 10, 6, 11, 5, 9, 4, 2, 1]
SURVIVOR bound=146 g=27 h=119 slack=0 board=[7, 20, 23, 22, 21, 0, 24, 8, 14, 16, 19, 15, 18, 17, 11, 10, 13, 9, 12, 6, 5, 4, 3, 2, 1]
SURVIVOR bound=146 g=42 h=104 slack=0 board=[19, 8, 20, 22, 0, 13, 7, 24, 14, 21, 15, 9, 23, 6, 16, 10, 4, 11, 18, 12, 5, 3, 2, 17, 1]
SURVIVOR bound=146 g=34 h=112 slack=0 board=[20, 24, 23, 17, 22, 19, 13, 8, 14, 18, 15, 9, 3, 6, 21, 10, 7, 1, 0, 12, 5, 4, 2, 11, 16]
SURVIVOR bound=146 g=30 h=116 slack=0 board=[20, 8, 0, 14, 22, 19, 24, 7, 23, 21, 15, 13, 17, 18, 16, 10, 9, 6, 11, 12, 5, 4, 3, 2, 1]
SURVIVOR bound=146 g=50 h=96 slack=0 board=[20, 18, 3, 23, 21, 19, 24, 7, 8, 14, 12, 13, 4, 9, 22, 15, 10, 1, 17, 16, 5, 2, 0, 6, 11]
SURVIVOR bound=146 g=39 h=107 slack=0 board=[15, 20, 14, 24, 23, 13, 8, 19, 18, 21, 12, 9, 7, 22, 16, 10, 17, 3, 11, 6, 5, 4, 2, 0, 1]
SURVIVOR bound=146 g=33 h=113 slack=0 board=[20, 14, 24, 22, 21, 13, 12, 23, 18, 16, 17, 8, 10, 7, 11, 19, 9, 0, 2, 6, 15, 5, 4, 3, 1]
SURVIVOR bound=146 g=40 h=106 slack=0 board=[20, 14, 24, 23, 21, 12, 15, 7, 22, 18, 19, 4, 13, 8, 16, 10, 2, 6, 0, 11, 5, 17, 9, 3, 1]
SURVIVOR bound=146 g=36 h=110 slack=0 board=[20, 24, 12, 14, 23, 13, 0, 9, 16, 21, 19, 10, 7, 22, 11, 15, 8, 3, 18, 6, 5, 4, 2, 17, 1]
SURVIVOR bound=146 g=42 h=104 slack=0 board=[20, 23, 3, 22, 21, 13, 24, 2, 14, 16, 19, 12, 7, 18, 8, 15, 0, 4, 6, 11, 10, 9, 5, 17, 1]
SURVIVOR bound=146 g=33 h=113 slack=0 board=[19, 13, 20, 22, 21, 15, 17, 24, 14, 16, 12, 23, 8, 11, 6, 10, 9, 7, 2, 18, 5, 4, 3, 0, 1]
SURVIVOR bound=146 g=33 h=113 slack=0 board=[19, 20, 14, 22, 21, 13, 24, 0, 18, 11, 15, 8, 23, 16, 6, 10, 12, 9, 3, 7, 5, 4, 2, 17, 1]
SURVIVOR bound=146 g=36 h=110 slack=0 board=[20, 23, 17, 22, 21, 19, 0, 24, 7, 16, 10, 14, 2, 11, 6, 13, 12, 15, 3, 9, 5, 4, 18, 8, 1]
SURVIVOR bound=146 g=59 h=87 slack=0 board=[20, 24, 7, 2, 21, 14, 11, 13, 8, 16, 12, 0, 22, 6, 10, 19, 17, 23, 3, 15, 5, 18, 9, 4, 1]
SURVIVOR bound=146 g=36 h=110 slack=0 board=[20, 24, 13, 23, 21, 19, 9, 11, 0, 14, 12, 7, 16, 22, 17, 15, 10, 18, 8, 6, 5, 4, 3, 2, 1]
SURVIVOR bound=146 g=41 h=105 slack=0 board=[20, 0, 24, 14, 22, 19, 3, 13, 23, 17, 15, 7, 11, 8, 21, 10, 12, 2, 6, 16, 5, 9, 18, 4, 1]
SURVIVOR bound=146 g=54 h=92 slack=0 board=[20, 24, 22, 7, 21, 19, 3, 14, 8, 16, 23, 11, 6, 2, 9, 12, 15, 17, 0, 10, 5, 18, 13, 4, 1]
SURVIVOR bound=146 g=31 h=115 slack=0 board=[20, 24, 23, 22, 21, 19, 14, 17, 7, 16, 15, 12, 8, 11, 2, 5, 13, 18, 4, 0, 3, 10, 9, 1, 6]
SURVIVOR bound=146 g=42 h=104 slack=0 board=[20, 13, 14, 23, 22, 19, 4, 9, 0, 17, 10, 15, 7, 18, 21, 6, 12, 24, 11, 16, 5, 3, 8, 2, 1]
SURVIVOR bound=146 g=37 h=109 slack=0 board=[20, 13, 24, 17, 22, 19, 11, 9, 18, 14, 10, 15, 23, 0, 21, 8, 12, 7, 6, 16, 5, 4, 3, 2, 1]
SURVIVOR bound=146 g=38 h=108 slack=0 board=[19, 20, 22, 21, 17, 15, 9, 24, 0, 14, 13, 8, 7, 18, 16, 10, 11, 23, 2, 6, 5, 4, 12, 3, 1]
SURVIVOR bound=146 g=26 h=120 slack=0 board=[20, 24, 22, 18, 21, 19, 13, 23, 6, 17, 15, 12, 8, 14, 16, 10, 9, 3, 11, 1, 5, 4, 0, 7, 2]
SURVIVOR bound=146 g=35 h=111 slack=0 board=[20, 14, 24, 23, 22, 15, 19, 18, 16, 21, 12, 11, 2, 8, 6, 10, 13, 0, 3, 7, 5, 9, 17, 4, 1]
SURVIVOR bound=146 g=43 h=103 slack=0 board=[20, 14, 24, 22, 21, 19, 12, 6, 8, 17, 10, 4, 15, 23, 16, 0, 13, 3, 9, 7, 5, 11, 18, 2, 1]
SURVIVOR bound=146 g=34 h=112 slack=0 board=[20, 18, 24, 22, 21, 19, 12, 8, 23, 16, 10, 4, 14, 15, 11, 9, 3, 13, 0, 6, 5, 2, 7, 17, 1]
SURVIVOR bound=146 g=48 h=98 slack=0 board=[20, 18, 22, 21, 0, 14, 13, 24, 3, 6, 19, 11, 16, 2, 7, 15, 12, 17, 9, 8, 10, 5, 23, 4, 1]
SURVIVOR bound=146 g=30 h=116 slack=0 board=[20, 12, 18, 24, 21, 19, 16, 14, 22, 11, 15, 9, 23, 7, 13, 10, 0, 17, 8, 6, 5, 4, 3, 2, 1]
SURVIVOR bound=146 g=42 h=104 slack=0 board=[19, 20, 14, 24, 21, 18, 9, 13, 22, 16, 11, 12, 17, 7, 6, 15, 10, 4, 0, 1, 5, 3, 23, 8, 2]
SURVIVOR bound=146 g=38 h=108 slack=0 board=[20, 22, 17, 7, 21, 23, 24, 12, 8, 16, 19, 18, 11, 6, 13, 15, 10, 3, 14, 9, 5, 4, 0, 2, 1]
SURVIVOR bound=146 g=43 h=103 slack=0 board=[20, 22, 17, 21, 13, 19, 11, 12, 7, 0, 10, 24, 3, 14, 16, 9, 18, 15, 8, 6, 5, 23, 4, 2, 1]
SURVIVOR bound=146 g=50 h=96 slack=0 board=[20, 22, 12, 17, 21, 18, 16, 8, 11, 13, 19, 3, 2, 9, 14, 10, 24, 4, 15, 6, 0, 5, 23, 7, 1]
SURVIVOR bound=146 g=36 h=110 slack=0 board=[20, 22, 13, 17, 21, 19, 15, 24, 12, 16, 10, 9, 23, 8, 14, 18, 7, 6, 2, 11, 5, 4, 3, 1, 0]
SURVIVOR bound=146 g=34 h=112 slack=0 board=[20, 24, 22, 11, 17, 19, 0, 7, 13, 21, 16, 18, 9, 23, 12, 15, 14, 3, 8, 6, 10, 5, 4, 2, 1]
SURVIVOR bound=146 g=31 h=115 slack=0 board=[20, 24, 21, 16, 11, 19, 13, 17, 14, 23, 15, 8, 22, 7, 12, 10, 18, 9, 2, 6, 5, 4, 3, 0, 1]
SURVIVOR bound=146 g=53 h=93 slack=0 board=[20, 24, 3, 23, 21, 13, 8, 2, 22, 16, 19, 7, 11, 6, 4, 15, 12, 0, 17, 10, 5, 18, 9, 14, 1]
SURVIVOR bound=146 g=38 h=106 slack=2 board=[20, 14, 24, 22, 21, 18, 8, 23, 13, 16, 19, 3, 11, 6, 7, 15, 12, 17, 2, 10, 5, 9, 0, 4, 1]
SURVIVOR bound=146 g=39 h=107 slack=0 board=[20, 8, 3, 13, 21, 18, 24, 0, 23, 22, 19, 9, 14, 15, 16, 10, 12, 6, 17, 11, 5, 4, 2, 7, 1]
SURVIVOR bound=146 g=38 h=108 slack=0 board=[20, 23, 3, 22, 21, 19, 18, 24, 8, 13, 15, 11, 0, 12, 17, 10, 14, 4, 9, 16, 5, 2, 7, 1, 6]
SURVIVOR bound=146 g=28 h=118 slack=0 board=[20, 24, 13, 23, 22, 19, 8, 17, 12, 21, 15, 14, 9, 7, 16, 10, 18, 2, 3, 11, 5, 4, 0, 1, 6]
SURVIVOR bound=146 g=40 h=106 slack=0 board=[20, 23, 8, 13, 21, 19, 24, 7, 22, 6, 15, 12, 0, 14, 17, 4, 18, 11, 16, 9, 10, 5, 3, 2, 1]
SURVIVOR bound=146 g=48 h=98 slack=0 board=[20, 13, 9, 24, 21, 19, 12, 3, 22, 8, 15, 11, 14, 7, 0, 10, 23, 6, 16, 17, 5, 18, 4, 2, 1]
SURVIVOR bound=146 g=37 h=109 slack=0 board=[20, 24, 23, 22, 21, 19, 8, 7, 9, 17, 12, 13, 11, 2, 16, 18, 15, 10, 6, 0, 5, 14, 4, 3, 1]
SURVIVOR bound=146 g=41 h=105 slack=0 board=[20, 24, 17, 23, 21, 19, 13, 9, 8, 16, 7, 10, 3, 22, 11, 15, 12, 6, 1, 0, 5, 18, 14, 4, 2]
SURVIVOR bound=146 g=49 h=97 slack=0 board=[20, 13, 8, 22, 21, 18, 23, 7, 12, 16, 17, 11, 3, 14, 6, 0, 24, 4, 15, 9, 19, 10, 5, 2, 1]
SURVIVOR bound=146 g=45 h=101 slack=0 board=[20, 8, 24, 22, 21, 18, 6, 0, 12, 16, 11, 17, 23, 13, 7, 19, 10, 3, 14, 9, 15, 5, 4, 2, 1]
SURVIVOR bound=146 g=30 h=116 slack=0 board=[20, 24, 23, 21, 0, 19, 18, 11, 22, 7, 15, 8, 13, 3, 17, 10, 14, 12, 6, 16, 5, 4, 2, 9, 1]
SURVIVOR bound=146 g=30 h=116 slack=0 board=[20, 24, 23, 16, 22, 19, 8, 14, 13, 21, 15, 18, 0, 9, 6, 10, 4, 11, 17, 12, 5, 3, 2, 7, 1]
SURVIVOR bound=146 g=44 h=102 slack=0 board=[20, 13, 24, 22, 21, 18, 0, 8, 12, 16, 19, 17, 7, 6, 1, 15, 11, 14, 3, 10, 5, 23, 4, 9, 2]
SURVIVOR bound=146 g=48 h=98 slack=0 board=[20, 13, 24, 22, 21, 17, 16, 12, 6, 11, 0, 14, 3, 8, 7, 19, 23, 4, 10, 9, 15, 5, 18, 2, 1]
SURVIVOR bound=146 g=47 h=99 slack=0 board=[20, 24, 8, 13, 21, 18, 15, 0, 9, 16, 12, 7, 3, 23, 14, 19, 10, 6, 22, 11, 5, 4, 2, 17, 1]
SURVIVOR bound=146 g=35 h=111 slack=0 board=[19, 20, 8, 22, 21, 15, 23, 24, 11, 13, 18, 9, 12, 0, 16, 10, 7, 3, 14, 6, 5, 4, 2, 17, 1]
SURVIVOR bound=146 g=38 h=108 slack=0 board=[20, 24, 8, 13, 21, 19, 18, 14, 23, 11, 15, 9, 2, 22, 6, 10, 3, 16, 0, 12, 5, 7, 17, 4, 1]
SURVIVOR bound=146 g=47 h=99 slack=0 board=[20, 24, 9, 23, 21, 19, 13, 8, 16, 6, 10, 15, 11, 0, 3, 7, 4, 18, 22, 14, 5, 2, 17, 12, 1]
SURVIVOR bound=146 g=35 h=111 slack=0 board=[20, 18, 24, 23, 21, 19, 13, 7, 8, 16, 15, 9, 14, 22, 1, 10, 11, 3, 6, 17, 5, 4, 12, 0, 2]
SURVIVOR bound=146 g=41 h=105 slack=0 board=[20, 24, 8, 23, 21, 19, 13, 12, 22, 16, 14, 7, 2, 0, 1, 15, 18, 6, 11, 3, 10, 9, 5, 17, 4]
SURVIVOR bound=146 g=36 h=110 slack=0 board=[20, 8, 24, 22, 21, 18, 7, 15, 13, 17, 19, 23, 9, 14, 16, 10, 6, 3, 12, 11, 5, 4, 0, 2, 1]
SURVIVOR bound=146 g=37 h=109 slack=0 board=[20, 24, 22, 13, 21, 18, 15, 9, 14, 16, 19, 7, 3, 23, 12, 10, 6, 0, 17, 11, 5, 4, 2, 8, 1]
SURVIVOR bound=146 g=38 h=108 slack=0 board=[20, 23, 13, 22, 21, 19, 24, 16, 8, 11, 15, 4, 12, 14, 6, 5, 0, 17, 9, 7, 3, 10, 18, 2, 1]
SURVIVOR bound=146 g=46 h=100 slack=0 board=[20, 23, 13, 22, 21, 19, 17, 3, 7, 12, 8, 24, 4, 11, 14, 15, 6, 2, 0, 16, 5, 10, 18, 9, 1]
SURVIVOR bound=146 g=37 h=109 slack=0 board=[20, 23, 13, 22, 21, 24, 17, 2, 6, 12, 19, 0, 15, 9, 16, 10, 18, 11, 14, 7, 5, 4, 8, 3, 1]
SURVIVOR bound=146 g=44 h=102 slack=0 board=[20, 23, 13, 22, 21, 17, 16, 3, 11, 12, 19, 8, 0, 9, 14, 15, 10, 4, 18, 6, 5, 2, 24, 7, 1]
SURVIVOR bound=146 g=28 h=116 slack=2 board=[20, 13, 24, 22, 21, 19, 23, 12, 14, 16, 15, 18, 3, 8, 7, 10, 9, 2, 17, 11, 5, 4, 0, 6, 1]
SURVIVOR bound=146 g=45 h=101 slack=0 board=[20, 13, 12, 24, 21, 19, 22, 8, 23, 14, 17, 11, 4, 7, 16, 0, 15, 10, 3, 6, 5, 18, 9, 2, 1]
SURVIVOR bound=146 g=46 h=100 slack=0 board=[20, 24, 22, 12, 21, 19, 16, 7, 8, 11, 17, 13, 10, 2, 14, 18, 3, 23, 0, 6, 15, 5, 9, 4, 1]
SURVIVOR bound=146 g=50 h=96 slack=0 board=[20, 24, 8, 23, 21, 13, 1, 22, 0, 16, 2, 17, 7, 12, 14, 19, 10, 15, 9, 11, 5, 18, 4, 3, 6]
SURVIVOR bound=146 g=36 h=110 slack=0 board=[20, 24, 23, 21, 11, 13, 22, 9, 7, 12, 19, 17, 0, 14, 16, 10, 15, 3, 8, 6, 5, 18, 4, 2, 1]
SURVIVOR bound=146 g=36 h=110 slack=0 board=[20, 24, 0, 23, 21, 18, 17, 7, 22, 11, 19, 13, 16, 15, 6, 10, 9, 12, 4, 14, 5, 3, 8, 2, 1]
SURVIVOR bound=146 g=51 h=95 slack=0 board=[20, 4, 9, 24, 21, 19, 8, 18, 23, 13, 10, 15, 2, 0, 16, 6, 11, 22, 14, 12, 5, 3, 7, 17, 1]
SURVIVOR bound=146 g=39 h=107 slack=0 board=[20, 13, 24, 23, 21, 17, 8, 7, 22, 16, 18, 4, 9, 12, 14, 19, 5, 10, 6, 11, 15, 0, 3, 2, 1]
SURVIVOR bound=146 g=27 h=119 slack=0 board=[20, 24, 7, 23, 22, 19, 18, 0, 11, 21, 15, 9, 16, 13, 17, 10, 8, 12, 14, 6, 5, 4, 3, 2, 1]
SURVIVOR bound=146 g=30 h=116 slack=0 board=[20, 24, 23, 22, 21, 19, 13, 16, 6, 14, 15, 18, 17, 9, 12, 10, 8, 3, 11, 1, 5, 4, 2, 7, 0]
SURVIVOR bound=146 g=29 h=117 slack=0 board=[20, 24, 13, 23, 22, 19, 18, 7, 17, 21, 15, 9, 11, 0, 6, 10, 8, 3, 16, 1, 5, 4, 2, 14, 12]
SURVIVOR bound=146 g=58 h=88 slack=0 board=[20, 24, 13, 23, 21, 19, 0, 2, 9, 14, 8, 18, 4, 10, 15, 7, 3, 12, 11, 16, 5, 1, 17, 22, 6]
SURVIVOR bound=146 g=36 h=110 slack=0 board=[20, 23, 12, 13, 21, 18, 24, 8, 22, 16, 19, 9, 0, 14, 6, 10, 11, 15, 3, 7, 5, 4, 2, 17, 1]
SURVIVOR bound=146 g=43 h=103 slack=0 board=[20, 24, 13, 23, 21, 18, 4, 10, 15, 0, 9, 7, 14, 22, 16, 19, 12, 2, 6, 11, 5, 3, 17, 8, 1]
SURVIVOR bound=146 g=33 h=113 slack=0 board=[20, 24, 23, 22, 21, 13, 8, 15, 14, 0, 18, 10, 17, 11, 16, 19, 7, 12, 2, 6, 5, 9, 4, 3, 1]
SURVIVOR bound=146 g=53 h=93 slack=0 board=[20, 23, 8, 22, 21, 13, 12, 7, 3, 16, 18, 0, 11, 6, 14, 19, 24, 4, 15, 10, 5, 17, 9, 2, 1]
SURVIVOR bound=146 g=33 h=113 slack=0 board=[20, 24, 23, 22, 21, 19, 13, 17, 12, 16, 10, 18, 7, 11, 6, 9, 4, 0, 15, 14, 5, 2, 1, 3, 8]
SURVIVOR bound=146 g=36 h=110 slack=0 board=[20, 24, 13, 23, 21, 19, 12, 22, 8, 16, 10, 15, 3, 11, 14, 18, 0, 9, 7, 17, 5, 4, 2, 1, 6]
SURVIVOR bound=146 g=47 h=99 slack=0 board=[20, 24, 13, 23, 21, 19, 12, 7, 16, 2, 10, 15, 11, 1, 8, 0, 22, 18, 14, 9, 5, 4, 17, 3, 6]
SURVIVOR bound=146 g=35 h=111 slack=0 board=[20, 18, 24, 23, 16, 19, 11, 0, 21, 6, 15, 9, 13, 14, 7, 10, 12, 3, 22, 17, 5, 4, 2, 8, 1]
SURVIVOR bound=146 g=45 h=101 slack=0 board=[12, 0, 8, 22, 21, 20, 23, 13, 16, 6, 19, 15, 24, 2, 9, 10, 18, 11, 14, 7, 5, 4, 17, 3, 1]
SURVIVOR bound=146 g=44 h=102 slack=0 board=[20, 24, 23, 21, 14, 19, 12, 8, 0, 22, 18, 3, 11, 9, 13, 15, 10, 4, 6, 16, 5, 2, 7, 17, 1]
SURVIVOR bound=146 g=37 h=109 slack=0 board=[20, 24, 23, 22, 21, 18, 15, 12, 16, 0, 19, 7, 11, 13, 6, 9, 14, 2, 3, 8, 10, 17, 5, 4, 1]
SURVIVOR bound=146 g=42 h=104 slack=0 board=[20, 24, 13, 23, 22, 16, 12, 7, 21, 11, 18, 14, 2, 17, 6, 19, 0, 15, 10, 9, 5, 4, 8, 3, 1]
SURVIVOR bound=146 g=33 h=113 slack=0 board=[20, 24, 9, 23, 21, 18, 13, 0, 22, 11, 19, 12, 7, 16, 6, 15, 10, 14, 17, 1, 5, 4, 3, 8, 2]
SURVIVOR bound=146 g=53 h=91 slack=2 board=[20, 23, 13, 22, 21, 19, 16, 2, 6, 11, 12, 0, 7, 3, 9, 14, 17, 24, 15, 10, 5, 18, 4, 8, 1]
SURVIVOR bound=146 g=40 h=106 slack=0 board=[20, 24, 23, 22, 21, 19, 17, 7, 2, 16, 11, 18, 9, 13, 6, 15, 0, 10, 14, 3, 5, 4, 12, 1, 8]
SURVIVOR bound=146 g=52 h=94 slack=0 board=[20, 24, 22, 2, 21, 13, 7, 23, 0, 16, 11, 12, 17, 3, 6, 19, 15, 10, 4, 8, 18, 5, 14, 9, 1]
SURVIVOR bound=146 g=51 h=95 slack=0 board=[20, 23, 17, 13, 21, 19, 7, 22, 9, 16, 11, 12, 3, 0, 6, 15, 5, 4, 14, 8, 18, 24, 10, 2, 1]
SURVIVOR bound=146 g=54 h=92 slack=0 board=[20, 23, 13, 22, 21, 18, 12, 3, 7, 16, 0, 11, 6, 15, 1, 19, 10, 4, 8, 9, 5, 17, 24, 14, 2]
SURVIVOR bound=146 g=56 h=90 slack=0 board=[20, 23, 13, 22, 21, 19, 16, 7, 8, 11, 12, 17, 1, 6, 2, 5, 15, 18, 3, 10, 0, 24, 4, 14, 9]
SURVIVOR bound=146 g=37 h=109 slack=0 board=[20, 24, 23, 22, 21, 19, 13, 7, 9, 0, 14, 11, 17, 2, 16, 15, 18, 10, 3, 6, 5, 4, 12, 1, 8]
SURVIVOR bound=146 g=32 h=114 slack=0 board=[20, 24, 22, 17, 21, 19, 13, 16, 7, 11, 14, 12, 23, 9, 1, 15, 18, 10, 0, 8, 5, 4, 3, 6, 2]
SURVIVOR bound=146 g=45 h=101 slack=0 board=[20, 24, 13, 23, 21, 19, 12, 6, 9, 17, 15, 3, 22, 8, 7, 11, 18, 4, 2, 16, 10, 5, 14, 0, 1]
SURVIVOR bound=146 g=45 h=101 slack=0 board=[20, 24, 23, 13, 22, 19, 12, 14, 8, 21, 11, 7, 2, 0, 17, 15, 10, 18, 3, 9, 5, 4, 1, 6, 16]
SURVIVOR bound=146 g=46 h=100 slack=0 board=[20, 24, 13, 23, 21, 19, 12, 4, 16, 6, 9, 10, 0, 15, 7, 11, 17, 18, 22, 14, 5, 3, 8, 2, 1]
SURVIVOR bound=146 g=44 h=102 slack=0 board=[20, 23, 13, 21, 16, 19, 17, 6, 22, 7, 10, 24, 0, 9, 14, 11, 15, 18, 2, 8, 5, 4, 12, 3, 1]
SURVIVOR bound=146 g=34 h=112 slack=0 board=[20, 23, 12, 22, 21, 18, 24, 17, 16, 6, 19, 13, 3, 14, 7, 15, 0, 10, 11, 8, 5, 4, 2, 9, 1]
SURVIVOR bound=146 g=37 h=109 slack=0 board=[20, 24, 17, 23, 21, 18, 15, 0, 13, 12, 19, 3, 22, 9, 14, 10, 7, 6, 11, 16, 5, 8, 4, 2, 1]
SURVIVOR bound=146 g=42 h=104 slack=0 board=[20, 18, 24, 23, 21, 17, 12, 16, 6, 8, 19, 22, 7, 15, 14, 10, 9, 3, 0, 13, 5, 4, 2, 11, 1]
SURVIVOR bound=146 g=35 h=111 slack=0 board=[20, 23, 14, 22, 21, 19, 24, 12, 7, 16, 15, 0, 11, 6, 2, 10, 17, 9, 3, 13, 5, 4, 18, 8, 1]
SURVIVOR bound=146 g=43 h=103 slack=0 board=[20, 23, 12, 22, 21, 19, 24, 0, 7, 16, 11, 17, 14, 6, 2, 15, 5, 10, 13, 9, 4, 8, 18, 3, 1]
SURVIVOR bound=146 g=42 h=104 slack=0 board=[0, 20, 24, 23, 21, 17, 7, 2, 22, 16, 19, 12, 13, 11, 6, 10, 15, 14, 4, 3, 5, 18, 9, 8, 1]
SURVIVOR bound=146 g=29 h=117 slack=0 board=[20, 24, 22, 7, 21, 19, 17, 23, 2, 12, 15, 0, 13, 8, 16, 10, 18, 9, 1, 11, 5, 14, 4, 3, 6]
SURVIVOR bound=146 g=31 h=115 slack=0 board=[20, 24, 23, 0, 21, 19, 18, 12, 22, 6, 15, 17, 2, 16, 7, 10, 14, 11, 13, 8, 5, 9, 4, 3, 1]
SURVIVOR bound=146 g=36 h=110 slack=0 board=[20, 24, 0, 23, 21, 17, 15, 12, 22, 7, 19, 9, 11, 6, 16, 10, 13, 18, 3, 14, 5, 4, 2, 8, 1]
SURVIVOR bound=146 g=35 h=111 slack=0 board=[20, 18, 24, 23, 21, 17, 7, 12, 22, 16, 19, 14, 6, 2, 8, 15, 10, 0, 9, 11, 5, 4, 13, 3, 1]
SURVIVOR bound=146 g=39 h=107 slack=0 board=[20, 24, 23, 7, 22, 19, 12, 6, 3, 21, 15, 18, 11, 2, 16, 10, 13, 17, 4, 8, 5, 14, 9, 0, 1]
SURVIVOR bound=146 g=38 h=108 slack=0 board=[19, 20, 22, 16, 11, 15, 23, 12, 21, 6, 18, 17, 13, 7, 8, 10, 24, 3, 14, 9, 5, 4, 0, 2, 1]
SURVIVOR bound=146 g=45 h=101 slack=0 board=[20, 23, 13, 22, 21, 19, 12, 7, 2, 16, 10, 24, 15, 6, 8, 17, 11, 18, 9, 0, 5, 14, 4, 3, 1]
SURVIVOR bound=146 g=38 h=108 slack=0 board=[20, 24, 22, 7, 21, 17, 12, 23, 11, 16, 19, 13, 8, 6, 1, 15, 18, 10, 9, 2, 5, 14, 4, 3, 0]
SURVIVOR bound=146 g=56 h=90 slack=0 board=[20, 23, 22, 7, 21, 12, 16, 8, 2, 11, 18, 13, 10, 3, 6, 19, 0, 24, 15, 9, 5, 17, 4, 14, 1]
SURVIVOR bound=146 g=34 h=112 slack=0 board=[20, 23, 17, 22, 21, 18, 12, 16, 7, 11, 19, 24, 14, 6, 0, 15, 4, 13, 3, 8, 10, 5, 2, 9, 1]
SURVIVOR bound=146 g=35 h=111 slack=0 board=[20, 0, 22, 7, 21, 17, 23, 12, 13, 16, 18, 24, 10, 14, 6, 19, 15, 9, 11, 8, 5, 4, 3, 2, 1]
SURVIVOR bound=146 g=32 h=114 slack=0 board=[20, 23, 22, 7, 21, 19, 17, 8, 13, 12, 15, 24, 14, 6, 16, 10, 4, 18, 9, 11, 0, 5, 3, 2, 1]
SURVIVOR bound=146 g=40 h=106 slack=0 board=[20, 24, 23, 22, 21, 19, 0, 12, 7, 16, 10, 17, 11, 13, 1, 6, 15, 14, 3, 9, 5, 18, 4, 8, 2]
SURVIVOR bound=146 g=32 h=114 slack=0 board=[20, 24, 12, 23, 21, 19, 9, 13, 14, 16, 10, 15, 0, 22, 11, 8, 17, 18, 2, 6, 5, 4, 7, 3, 1]
SURVIVOR bound=146 g=62 h=84 slack=0 board=[0, 20, 8, 23, 21, 19, 24, 7, 3, 12, 6, 17, 11, 2, 13, 15, 16, 10, 4, 14, 5, 18, 22, 9, 1]
SURVIVOR bound=146 g=43 h=103 slack=0 board=[20, 24, 22, 8, 21, 17, 16, 23, 3, 11, 19, 12, 14, 0, 7, 10, 15, 2, 9, 13, 5, 18, 4, 1, 6]
SURVIVOR bound=146 g=42 h=104 slack=0 board=[20, 24, 23, 22, 21, 17, 7, 12, 0, 16, 19, 3, 11, 13, 6, 15, 10, 4, 8, 2, 5, 18, 14, 1, 9]
SURVIVOR bound=146 g=31 h=115 slack=0 board=[20, 23, 22, 13, 21, 19, 8, 24, 18, 12, 15, 17, 7, 9, 16, 10, 14, 6, 11, 0, 5, 4, 3, 2, 1]
SURVIVOR bound=146 g=39 h=107 slack=0 board=[20, 24, 22, 8, 21, 17, 7, 23, 14, 16, 19, 12, 15, 11, 6, 5, 18, 9, 2, 13, 4, 10, 3, 0, 1]
SURVIVOR bound=146 g=31 h=115 slack=0 board=[20, 22, 12, 0, 21, 17, 23, 14, 13, 16, 19, 24, 9, 7, 11, 15, 18, 3, 8, 6, 10, 5, 4, 2, 1]
SURVIVOR bound=146 g=54 h=92 slack=0 board=[20, 24, 12, 8, 21, 16, 11, 22, 2, 6, 23, 17, 13, 9, 7, 19, 15, 10, 0, 14, 5, 18, 4, 3, 1]
SURVIVOR bound=146 g=42 h=104 slack=0 board=[20, 24, 12, 23, 21, 19, 16, 11, 7, 13, 0, 15, 3, 22, 14, 9, 17, 4, 8, 6, 10, 18, 5, 2, 1]
SURVIVOR bound=146 g=34 h=112 slack=0 board=[20, 24, 22, 11, 21, 19, 17, 23, 8, 13, 15, 18, 12, 2, 14, 10, 9, 6, 0, 7, 5, 4, 3, 1, 16]
SURVIVOR bound=146 g=44 h=102 slack=0 board=[20, 24, 23, 21, 11, 17, 8, 16, 0, 13, 19, 12, 9, 22, 15, 10, 3, 7, 2, 14, 5, 18, 4, 1, 6]
SURVIVOR bound=146 g=38 h=108 slack=0 board=[20, 24, 12, 23, 21, 19, 17, 9, 22, 13, 15, 11, 16, 6, 7, 10, 18, 4, 0, 14, 5, 3, 8, 2, 1]
SURVIVOR bound=146 g=62 h=84 slack=0 board=[20, 22, 0, 12, 21, 11, 24, 4, 7, 13, 16, 3, 5, 8, 14, 17, 18, 15, 9, 6, 19, 10, 23, 2, 1]
SURVIVOR bound=146 g=32 h=114 slack=0 board=[19, 20, 24, 23, 22, 18, 17, 3, 12, 21, 10, 15, 11, 16, 0, 9, 8, 13, 14, 6, 5, 4, 2, 7, 1]
SURVIVOR bound=146 g=34 h=112 slack=0 board=[20, 18, 24, 23, 21, 19, 11, 22, 7, 12, 15, 14, 17, 6, 8, 10, 0, 3, 2, 16, 5, 9, 13, 4, 1]
SURVIVOR bound=146 g=40 h=106 slack=0 board=[20, 24, 22, 12, 21, 19, 23, 6, 16, 1, 15, 17, 11, 9, 13, 10, 0, 3, 14, 8, 5, 18, 4, 7, 2]
SURVIVOR bound=146 g=35 h=111 slack=0 board=[20, 24, 23, 12, 22, 19, 18, 6, 13, 21, 15, 17, 2, 0, 7, 10, 14, 11, 16, 9, 5, 4, 8, 3, 1]
SURVIVOR bound=146 g=48 h=98 slack=0 board=[20, 23, 2, 22, 21, 19, 24, 12, 8, 16, 11, 13, 4, 6, 0, 14, 17, 5, 9, 7, 10, 15, 18, 3, 1]
SURVIVOR bound=146 g=52 h=94 slack=0 board=[20, 23, 22, 21, 0, 19, 24, 3, 8, 16, 11, 12, 15, 2, 6, 13, 18, 5, 4, 7, 10, 17, 14, 9, 1]
SURVIVOR bound=146 g=37 h=109 slack=0 board=[20, 24, 23, 22, 21, 19, 12, 3, 8, 16, 15, 17, 6, 0, 7, 10, 11, 18, 14, 9, 5, 13, 4, 2, 1]
SURVIVOR bound=146 g=48 h=98 slack=0 board=[20, 24, 17, 23, 0, 19, 13, 3, 6, 22, 16, 11, 8, 2, 12, 15, 10, 14, 7, 21, 5, 18, 9, 4, 1]
SURVIVOR bound=146 g=41 h=105 slack=0 board=[20, 24, 22, 0, 11, 18, 16, 6, 21, 1, 19, 15, 23, 12, 7, 10, 13, 14, 3, 9, 5, 4, 17, 8, 2]
SURVIVOR bound=146 g=43 h=103 slack=0 board=[20, 24, 23, 22, 21, 19, 16, 3, 11, 6, 10, 17, 2, 8, 15, 9, 18, 0, 13, 14, 5, 4, 12, 1, 7]
SURVIVOR bound=146 g=43 h=103 slack=0 board=[20, 24, 22, 12, 21, 16, 23, 0, 2, 11, 18, 10, 15, 8, 6, 14, 17, 13, 3, 7, 5, 19, 9, 4, 1]
SURVIVOR bound=146 g=45 h=101 slack=0 board=[20, 24, 6, 23, 21, 16, 11, 22, 8, 12, 18, 19, 15, 2, 14, 10, 17, 0, 9, 7, 5, 4, 13, 3, 1]
SURVIVOR bound=146 g=50 h=96 slack=0 board=[20, 24, 22, 12, 21, 17, 16, 8, 3, 11, 19, 13, 6, 2, 7, 15, 0, 10, 4, 9, 5, 14, 23, 18, 1]
SURVIVOR bound=146 g=46 h=100 slack=0 board=[20, 24, 23, 21, 11, 19, 12, 3, 22, 6, 14, 17, 0, 8, 9, 13, 16, 4, 10, 7, 15, 18, 5, 2, 1]
SURVIVOR bound=146 g=39 h=105 slack=2 board=[20, 24, 23, 22, 21, 19, 16, 7, 11, 12, 15, 0, 8, 13, 1, 10, 17, 2, 6, 3, 5, 18, 14, 9, 4]
SURVIVOR bound=146 g=37 h=109 slack=0 board=[19, 20, 16, 24, 21, 18, 9, 7, 11, 0, 15, 17, 22, 8, 12, 10, 13, 23, 2, 6, 5, 4, 14, 3, 1]
SURVIVOR bound=146 g=38 h=108 slack=0 board=[20, 23, 22, 7, 21, 19, 24, 11, 12, 8, 15, 17, 16, 9, 0, 10, 3, 13, 14, 6, 5, 18, 4, 2, 1]
SURVIVOR bound=146 g=38 h=108 slack=0 board=[20, 8, 24, 23, 21, 19, 16, 22, 11, 7, 15, 17, 3, 9, 13, 10, 0, 18, 6, 12, 5, 14, 4, 2, 1]
SURVIVOR bound=146 g=43 h=103 slack=0 board=[19, 20, 24, 23, 21, 18, 17, 3, 8, 11, 6, 0, 9, 14, 13, 15, 10, 2, 22, 12, 5, 4, 7, 16, 1]
SURVIVOR bound=146 g=43 h=103 slack=0 board=[20, 22, 16, 13, 21, 17, 24, 7, 11, 12, 19, 18, 2, 8, 14, 15, 10, 0, 3, 6, 5, 9, 23, 4, 1]
SURVIVOR bound=146 g=46 h=100 slack=0 board=[20, 24, 23, 22, 21, 16, 11, 3, 14, 12, 0, 19, 10, 8, 13, 5, 17, 7, 2, 6, 9, 15, 18, 4, 1]
